        9.9100908600
        9.9100642100
        9.9100565800
        9.9100550100
        9.9100550500
        9.9100553600
        9.9100556400
        9.9100558400
        9.9100559700
        9.9100560600
        9.9100561200
        9.9100561600
        9.9100561800
        9.9100562000
        9.9100562100
        9.9100562200
        9.9100562200
        9.9100562200
        9.9100562300
        9.9100562300
        9.9100562300
        9.9100562300
        9.9100562300
        9.9100562300
        9.9100562300
        9.9100562300
        9.9100562300
        9.9100562300
        9.9100562300
        9.9100562300
        9.9100562300
        9.9100562300
        9.9100562300
        9.9100562200
        9.9100562200
        9.9100562200
        9.9100562100
        9.9100562000
        9.9100561800
        9.9100561600
        9.9100561200
        9.9100560600
        9.9100559700
        9.9100558400
        9.9100556400
        9.9100553600
        9.9100550500
        9.9100550100
        9.9100565800
        9.9100642100
        9.9100908600
        9.9100642100
        9.9104567700
        9.9108188900
        9.9112769200
        9.9117418300
        9.9123326800
        9.9131963900
        9.9143530500
        9.9154545300
        9.9167652700
        9.9178501800
        9.9188413000
        9.9204037800
        9.9216582600
        9.9228681900
        9.9240117900
        9.9258270400
        9.9276544700
        9.9276045000
        9.9275353600
        9.9277708800
        9.9270230300
        9.9274908400
        9.9276501000
        9.9278908000
        9.9279208800
        9.9268126000
        9.9250831300
        9.9237544500
        9.9217367400
        9.9206073000
        9.9193507300
        9.9191286900
        9.9183573500
        9.9177920700
        9.9177526000
        9.9178336700
        9.9171684000
        9.9162008700
        9.9157191500
        9.9146894100
        9.9143430300
        9.9141493000
        9.9140243200
        9.9134725700
        9.9130095100
        9.9122501700
        9.9116625400
        9.9111280500
        9.9105722400
        9.9100642100
        9.9100565800
        9.9108467000
        9.9116437100
        9.9125305000
        9.9135074900
        9.9147360000
        9.9161413200
        9.9179649600
        9.9200396600
        9.9225806900
        9.9249417400
        9.9265864000
        9.9294808600
        9.9318221400
        9.9344012300
        9.9377610700
        9.9409820400
        9.9428036100
        9.9436512700
        9.9438387100
        9.9440751100
        9.9427570000
        9.9437485000
        9.9448116700
        9.9437327500
        9.9440783700
        9.9438963600
        9.9415706700
        9.9394108700
        9.9361862200
        9.9331691700
        9.9315967400
        9.9304135700
        9.9290977500
        9.9284136600
        9.9279924000
        9.9270496000
        9.9261012700
        9.9247203000
        9.9231823700
        9.9212154300
        9.9198591500
        9.9188385600
        9.9181893300
        9.9172443000
        9.9161740200
        9.9149668400
        9.9135114700
        9.9121700200
        9.9110705400
        9.9100565800
        9.9100550100
        9.9112078800
        9.9123973000
        9.9138144800
        9.9154278800
        9.9171326800
        9.9190120400
        9.9213553400
        9.9243718400
        9.9275511200
        9.9307928500
        9.9337071500
        9.9373454700
        9.9410027600
        9.9447873200
        9.9490129600
        9.9522655900
        9.9552019200
        9.9571627200
        9.9584368400
        9.9593466000
        9.9592943700
        9.9595104100
        9.9601353100
        9.9589446600
        9.9589605700
        9.9588264300
        9.9573039700
        9.9548150100
        9.9523714000
        9.9490398300
        9.9464956600
        9.9442099100
        9.9427144600
        9.9419237600
        9.9404553500
        9.9381935300
        9.9359804300
        9.9338013100
        9.9308626200
        9.9282378500
        9.9259900800
        9.9240005000
        9.9222973600
        9.9210645600
        9.9193660900
        9.9176305100
        9.9156065000
        9.9134635000
        9.9116267000
        9.9100550100
        9.9100550500
        9.9115329000
        9.9131617300
        9.9150704300
        9.9170680000
        9.9191890400
        9.9217276000
        9.9249864500
        9.9284472900
        9.9322435000
        9.9360244700
        9.9399802500
        9.9443982600
        9.9486619100
        9.9526673500
        9.9566899700
        9.9605968800
        9.9644426300
        9.9676580600
        9.9703680600
        9.9724620200
        9.9730079500
        9.9727876600
        9.9729298000
        9.9731054600
        9.9723796700
        9.9712540100
        9.9704799600
        9.9692532700
        9.9684733500
        9.9662962100
        9.9633634300
        9.9594005700
        9.9573346700
        9.9567219000
        9.9534322500
        9.9502854500
        9.9463204600
        9.9423648200
        9.9382215500
        9.9346699100
        9.9315386200
        9.9289791000
        9.9263491300
        9.9243621200
        9.9221793000
        9.9197464100
        9.9173510000
        9.9147813600
        9.9122442400
        9.9100550500
        9.9100553600
        9.9118347000
        9.9138298900
        9.9161127500
        9.9187244300
        9.9215743100
        9.9250321700
        9.9287938600
        9.9324891700
        9.9368608800
        9.9408125000
        9.9451684400
        9.9498173800
        9.9541837300
        9.9588120000
        9.9630690100
        9.9674114000
        9.9721087300
        9.9760849100
        9.9795113200
        9.9821504300
        9.9839426500
        9.9844069600
        9.9848753100
        9.9852251100
        9.9845112500
        9.9837294100
        9.9836406700
        9.9842615400
        9.9842617600
        9.9819896000
        9.9795615900
        9.9762344400
        9.9729930400
        9.9708432800
        9.9667550100
        9.9618146200
        9.9572494000
        9.9519911900
        9.9463573400
        9.9410901200
        9.9367206500
        9.9336467400
        9.9305352000
        9.9277444600
        9.9249560000
        9.9217014800
        9.9185084000
        9.9154868800
        9.9126165700
        9.9100553600
        9.9100556400
        9.9120387600
        9.9144246400
        9.9175371000
        9.9210513900
        9.9245954700
        9.9284431000
        9.9323915000
        9.9366351200
        9.9410170800
        9.9450502600
        9.9492947100
        9.9538384100
        9.9591200300
        9.9645802300
        9.9695318600
        9.9745859200
        9.9800603700
        9.9844638700
        9.9883537800
        9.9915770400
        9.9940154800
        9.9953811800
        9.9966277400
        9.9971011500
        9.9962664900
        9.9960242500
        9.9976287000
        9.9990045200
        9.9984941100
        9.9962479500
        9.9938385800
        9.9917500500
        9.9882264400
        9.9838227400
        9.9794875100
        9.9737492900
        9.9682128600
        9.9620597500
        9.9554797200
        9.9486657200
        9.9425899000
        9.9382951200
        9.9347189700
        9.9312510700
        9.9280339100
        9.9239363700
        9.9197222500
        9.9160995800
        9.9129346900
        9.9100556400
        9.9100558400
        9.9123939400
        9.9155318200
        9.9196607500
        9.9237482500
        9.9275305300
        9.9315342800
        9.9357733000
        9.9401130700
        9.9444423700
        9.9486257200
        9.9533775200
        9.9588903000
        9.9652199800
        9.9712643900
        9.9765203200
        9.9827322600
        9.9884510400
        9.9930628500
        9.9977176600
       10.0007992000
       10.0036066000
       10.0060181000
       10.0078910000
       10.0090388000
       10.0089504000
       10.0088774000
       10.0096937000
       10.0106548000
       10.0110352000
       10.0101053000
       10.0076185000
       10.0050593000
       10.0017142000
        9.9965785300
        9.9911308500
        9.9849298700
        9.9785109800
        9.9714557700
        9.9636846500
        9.9559230100
        9.9486911500
        9.9430805200
        9.9389346400
        9.9348740900
        9.9310517100
        9.9265994300
        9.9214383300
        9.9169534600
        9.9133138800
        9.9100558400
        9.9100559700
        9.9132318300
        9.9171597400
        9.9216759700
        9.9260676300
        9.9300025400
        9.9339954300
        9.9383804100
        9.9430537900
        9.9477338700
        9.9527789100
        9.9584911500
        9.9646540000
        9.9717114700
        9.9782153200
        9.9837454000
        9.9905449100
        9.9968273700
       10.0022535000
       10.0070715000
       10.0107604000
       10.0150372000
       10.0181543000
       10.0200662000
       10.0216003000
       10.0221042000
       10.0218207000
       10.0209881000
       10.0213973000
       10.0224783000
       10.0229302000
       10.0207935000
       10.0175518000
       10.0142610000
       10.0094344000
       10.0028966000
        9.9951543800
        9.9870139200
        9.9796241400
        9.9712371200
        9.9628784300
        9.9548338000
        9.9477759100
        9.9427009400
        9.9384950900
        9.9340233600
        9.9290584900
        9.9235644900
        9.9182801400
        9.9138224200
        9.9100559700
        9.9100560600
        9.9140303900
        9.9184009600
        9.9233783900
        9.9282927400
        9.9324463000
        9.9367473400
        9.9413111400
        9.9461569800
        9.9512691800
        9.9573194500
        9.9636439100
        9.9702982300
        9.9782350600
        9.9850324600
        9.9916305400
        9.9990494300
       10.0059747000
       10.0121244000
       10.0171832000
       10.0225381000
       10.0269203000
       10.0305818000
       10.0323518000
       10.0343453000
       10.0364525000
       10.0359473000
       10.0353558000
       10.0353435000
       10.0355321000
       10.0348613000
       10.0332365000
       10.0295466000
       10.0250225000
       10.0204160000
       10.0137639000
       10.0055383000
        9.9956588400
        9.9864755900
        9.9775852500
        9.9687469600
        9.9605470200
        9.9527818600
        9.9465472600
        9.9420092500
        9.9371886500
        9.9316707000
        9.9257509100
        9.9196052900
        9.9142141100
        9.9100560600
        9.9100561200
        9.9146871300
        9.9200421700
        9.9256988500
        9.9307870600
        9.9353013100
        9.9399336800
        9.9444845700
        9.9490772500
        9.9550385500
        9.9619753200
        9.9685956800
        9.9761149900
        9.9846096500
        9.9925029000
       10.0003892000
       10.0086460000
       10.0161716000
       10.0227744000
       10.0287655000
       10.0345196000
       10.0390648000
       10.0426903000
       10.0450413000
       10.0477910000
       10.0502461000
       10.0512634000
       10.0516316000
       10.0523455000
       10.0502622000
       10.0474337000
       10.0445664000
       10.0408795000
       10.0354222000
       10.0300284000
       10.0235764000
       10.0155955000
       10.0048882000
        9.9936867700
        9.9836734300
        9.9745090100
        9.9651167300
        9.9566555900
        9.9500460600
        9.9451096300
        9.9404540900
        9.9343783700
        9.9274498200
        9.9207570700
        9.9147055100
        9.9100561200
        9.9100561600
        9.9157054800
        9.9221923100
        9.9280930000
        9.9334366800
        9.9382100500
        9.9428176700
        9.9473749200
        9.9525211900
        9.9591877300
        9.9665448700
        9.9737744400
        9.9820661000
        9.9923109000
       10.0019089000
       10.0103974000
       10.0192769000
       10.0274908000
       10.0350559000
       10.0419197000
       10.0479928000
       10.0515839000
       10.0549733000
       10.0588495000
       10.0621745000
       10.0638494000
       10.0674282000
       10.0695274000
       10.0687045000
       10.0647793000
       10.0610287000
       10.0576443000
       10.0531809000
       10.0478457000
       10.0421811000
       10.0357948000
       10.0272647000
       10.0151657000
       10.0015094000
        9.9899563300
        9.9796739100
        9.9696588000
        9.9605509000
        9.9534903500
        9.9477312500
        9.9427529400
        9.9366742700
        9.9289611000
        9.9214112600
        9.9152843100
        9.9100561600
        9.9100561800
        9.9168783500
        9.9240490200
        9.9301433000
        9.9356182800
        9.9405520700
        9.9453263300
        9.9501350200
        9.9561301600
        9.9635102000
        9.9710674400
        9.9786806000
        9.9887881100
       10.0013426000
       10.0119921000
       10.0213350000
       10.0321452000
       10.0411785000
       10.0481547000
       10.0552820000
       10.0608941000
       10.0651220000
       10.0680935000
       10.0728826000
       10.0758237000
       10.0779511000
       10.0830228000
       10.0859488000
       10.0819602000
       10.0791064000
       10.0756752000
       10.0714599000
       10.0671544000
       10.0615418000
       10.0560221000
       10.0494718000
       10.0398948000
       10.0270659000
       10.0108335000
        9.9965791400
        9.9848354400
        9.9744310800
        9.9649267600
        9.9572758700
        9.9504865300
        9.9443175300
        9.9379994200
        9.9303943100
        9.9224420200
        9.9158309000
        9.9100561800
        9.9100562000
        9.9179620500
        9.9256646200
        9.9317294400
        9.9374864100
        9.9428995100
        9.9479160800
        9.9530752300
        9.9594027100
        9.9668372900
        9.9744699100
        9.9835083100
        9.9961986400
       10.0101311000
       10.0219077000
       10.0335793000
       10.0449144000
       10.0539286000
       10.0613363000
       10.0685225000
       10.0738608000
       10.0787022000
       10.0826786000
       10.0866185000
       10.0892860000
       10.0936220000
       10.0974523000
       10.0991454000
       10.0963439000
       10.0921891000
       10.0884641000
       10.0846673000
       10.0804565000
       10.0742843000
       10.0669060000
       10.0604417000
       10.0505265000
       10.0371509000
       10.0210953000
       10.0047815000
        9.9909438700
        9.9796315600
        9.9695217800
        9.9609542400
        9.9537041400
        9.9461175800
        9.9387105300
        9.9311976800
        9.9236421800
        9.9166103200
        9.9100562000
        9.9100562100
        9.9187911200
        9.9268014000
        9.9334694000
        9.9397108600
        9.9452216900
        9.9503099200
        9.9555004000
        9.9620174200
        9.9697666500
        9.9785102900
        9.9893170500
       10.0029531000
       10.0176631000
       10.0308251000
       10.0442697000
       10.0557934000
       10.0643088000
       10.0733119000
       10.0804548000
       10.0868312000
       10.0923866000
       10.0982662000
       10.1028800000
       10.1064744000
       10.1108402000
       10.1126997000
       10.1127801000
       10.1108913000
       10.1063941000
       10.1016473000
       10.0965802000
       10.0908987000
       10.0848309000
       10.0769250000
       10.0687745000
       10.0592503000
       10.0445888000
       10.0277884000
       10.0117651000
        9.9977247200
        9.9854456200
        9.9745652500
        9.9648343200
        9.9557977200
        9.9472300200
        9.9392682200
        9.9319702300
        9.9248522200
        9.9174967400
        9.9100562100
        9.9100562200
        9.9193567100
        9.9281047100
        9.9354998500
        9.9420036900
        9.9476282500
        9.9524184200
        9.9577426200
        9.9649179500
        9.9730461700
        9.9828387300
        9.9946803900
       10.0087636000
       10.0246278000
       10.0405588000
       10.0559582000
       10.0679663000
       10.0783509000
       10.0870580000
       10.0939309000
       10.1008583000
       10.1077943000
       10.1149027000
       10.1211976000
       10.1263416000
       10.1306564000
       10.1316546000
       10.1295217000
       10.1266919000
       10.1229000000
       10.1169880000
       10.1076625000
       10.1005036000
       10.0932528000
       10.0856485000
       10.0767895000
       10.0665408000
       10.0519808000
       10.0349663000
       10.0182568000
       10.0036808000
        9.9907760400
        9.9788263500
        9.9690432400
        9.9588250100
        9.9482660500
        9.9395427800
        9.9324727100
        9.9260659300
        9.9183615500
        9.9100562200
        9.9100562200
        9.9197685600
        9.9293479200
        9.9372696300
        9.9438376900
        9.9496308400
        9.9544778500
        9.9604666300
        9.9683529400
        9.9771213900
        9.9875232500
       10.0004920000
       10.0162722000
       10.0334267000
       10.0505307000
       10.0665056000
       10.0810542000
       10.0928960000
       10.1023362000
       10.1109952000
       10.1180578000
       10.1260449000
       10.1344370000
       10.1412681000
       10.1474173000
       10.1520857000
       10.1538659000
       10.1510303000
       10.1458834000
       10.1394277000
       10.1316833000
       10.1218275000
       10.1125387000
       10.1033720000
       10.0937345000
       10.0845727000
       10.0739098000
       10.0585560000
       10.0401455000
       10.0237064000
       10.0098217000
        9.9962498700
        9.9835136100
        9.9720475600
        9.9612030200
        9.9503472600
        9.9408574700
        9.9334051400
        9.9266673000
        9.9189728400
        9.9100562200
        9.9100562200
        9.9200860400
        9.9298548300
        9.9383277100
        9.9456248300
        9.9515715400
        9.9569834600
        9.9641056600
        9.9727277200
        9.9824330900
        9.9934934500
       10.0065495000
       10.0220873000
       10.0394868000
       10.0578546000
       10.0772902000
       10.0944345000
       10.1082895000
       10.1191749000
       10.1294445000
       10.1403596000
       10.1499925000
       10.1596916000
       10.1665415000
       10.1735553000
       10.1798020000
       10.1811451000
       10.1766871000
       10.1680871000
       10.1587859000
       10.1482383000
       10.1373669000
       10.1262328000
       10.1153655000
       10.1038861000
       10.0925982000
       10.0804730000
       10.0656493000
       10.0470588000
       10.0288883000
       10.0138980000
       10.0004777000
        9.9873326300
        9.9750004900
        9.9633456900
        9.9523597200
        9.9426967500
        9.9347256100
        9.9276875000
        9.9193391400
        9.9100562200
        9.9100562300
        9.9211784800
        9.9304729500
        9.9390002400
        9.9469547000
        9.9534798400
        9.9603135100
        9.9681935900
        9.9776224900
        9.9878729800
        9.9987438900
       10.0114998000
       10.0266792000
       10.0446627000
       10.0638333000
       10.0869994000
       10.1080961000
       10.1225834000
       10.1352770000
       10.1497239000
       10.1649856000
       10.1753945000
       10.1859243000
       10.1963112000
       10.2053556000
       10.2113491000
       10.2100536000
       10.2042891000
       10.1935010000
       10.1803602000
       10.1680438000
       10.1548906000
       10.1413238000
       10.1279139000
       10.1141658000
       10.1017394000
       10.0869567000
       10.0704783000
       10.0532970000
       10.0346259000
       10.0176888000
       10.0038264000
        9.9909892500
        9.9780492600
        9.9656373500
        9.9547196600
        9.9450782100
        9.9364161600
        9.9285751700
        9.9196896700
        9.9100562300
        9.9100562300
        9.9214688900
        9.9313943800
        9.9402768500
        9.9479436500
        9.9554452000
        9.9635815000
        9.9724436200
        9.9823976200
        9.9919238200
       10.0024411000
       10.0150594000
       10.0301102000
       10.0498279000
       10.0709224000
       10.0956483000
       10.1188151000
       10.1364179000
       10.1526385000
       10.1703515000
       10.1857812000
       10.1989143000
       10.2115891000
       10.2240390000
       10.2328008000
       10.2361860000
       10.2346254000
       10.2283227000
       10.2182363000
       10.2022212000
       10.1859407000
       10.1710534000
       10.1555962000
       10.1393755000
       10.1237720000
       10.1094065000
       10.0935688000
       10.0746639000
       10.0561676000
       10.0380735000
       10.0209215000
       10.0071331000
        9.9941113600
        9.9808487600
        9.9683841700
        9.9571208800
        9.9473732300
        9.9383957700
        9.9295530700
        9.9197512600
        9.9100562300
        9.9100562300
        9.9216964800
        9.9318313400
        9.9407147600
        9.9487787100
        9.9575634600
        9.9670027400
        9.9759299600
        9.9853132700
        9.9952538700
       10.0061956000
       10.0190110000
       10.0337534000
       10.0540390000
       10.0781263000
       10.1035731000
       10.1281967000
       10.1492117000
       10.1684848000
       10.1878983000
       10.2050081000
       10.2212776000
       10.2366935000
       10.2501438000
       10.2598488000
       10.2635884000
       10.2618159000
       10.2523445000
       10.2371239000
       10.2198525000
       10.2008537000
       10.1830926000
       10.1665192000
       10.1481655000
       10.1307615000
       10.1153890000
       10.0982161000
       10.0787472000
       10.0575336000
       10.0381122000
       10.0226442000
       10.0094729000
        9.9966174000
        9.9835433200
        9.9705040700
        9.9592106600
        9.9492904200
        9.9398589000
        9.9304423100
        9.9201753400
        9.9100562300
        9.9100562300
        9.9220912700
        9.9324603700
        9.9412618200
        9.9493942200
        9.9590338100
        9.9693304700
        9.9785588700
        9.9884998400
        9.9986154400
       10.0093439000
       10.0229999000
       10.0377592000
       10.0575243000
       10.0833781000
       10.1096282000
       10.1360052000
       10.1602654000
       10.1817520000
       10.2030626000
       10.2238720000
       10.2435334000
       10.2627444000
       10.2781481000
       10.2880406000
       10.2907502000
       10.2889377000
       10.2785725000
       10.2590540000
       10.2357528000
       10.2133788000
       10.1935307000
       10.1756332000
       10.1552918000
       10.1354999000
       10.1189822000
       10.1006331000
       10.0791799000
       10.0584291000
       10.0398718000
       10.0243292000
       10.0107533000
        9.9977128500
        9.9841089100
        9.9713960500
        9.9604685900
        9.9505991600
        9.9408852000
        9.9312276700
        9.9205457200
        9.9100562300
        9.9100562300
        9.9227468600
        9.9325845100
        9.9411774700
        9.9496028600
        9.9602324000
        9.9711861600
        9.9812393200
        9.9920683700
       10.0026574000
       10.0136723000
       10.0260627000
       10.0418778000
       10.0615514000
       10.0877478000
       10.1150025000
       10.1421931000
       10.1679019000
       10.1910325000
       10.2155736000
       10.2396460000
       10.2623693000
       10.2839080000
       10.2969558000
       10.3018109000
       10.3011572000
       10.3039194000
       10.2988275000
       10.2806371000
       10.2527283000
       10.2251007000
       10.2026814000
       10.1837610000
       10.1630785000
       10.1413180000
       10.1217282000
       10.1007444000
       10.0774151000
       10.0571108000
       10.0396621000
       10.0251516000
       10.0118059000
        9.9978259800
        9.9832823000
        9.9708162200
        9.9605891100
        9.9516624100
        9.9421765100
        9.9319588300
        9.9211926900
        9.9100562300
        9.9100562300
        9.9224861000
        9.9326783200
        9.9415210700
        9.9505385100
        9.9619488700
        9.9732543300
        9.9837239900
        9.9948352200
       10.0062616000
       10.0172828000
       10.0307137000
       10.0459717000
       10.0639038000
       10.0899689000
       10.1178821000
       10.1444829000
       10.1700171000
       10.1945160000
       10.2207889000
       10.2485058000
       10.2770617000
       10.2968840000
       10.3058290000
       10.3127100000
       10.3152376000
       10.3165658000
       10.3128363000
       10.2982091000
       10.2686980000
       10.2360194000
       10.2094954000
       10.1886429000
       10.1678907000
       10.1459842000
       10.1245433000
       10.1007804000
       10.0751388000
       10.0557189000
       10.0392996000
       10.0249195000
       10.0106869000
        9.9954584900
        9.9820503800
        9.9701757200
        9.9600342500
        9.9509460000
        9.9420083800
        9.9323920000
        9.9217719100
        9.9100562300
        9.9100562300
        9.9219427400
        9.9325212000
        9.9418148100
        9.9521031600
        9.9638846500
        9.9755194000
        9.9861984300
        9.9970641600
       10.0091043000
       10.0211275000
       10.0338487000
       10.0486711000
       10.0663853000
       10.0897596000
       10.1153555000
       10.1407624000
       10.1668175000
       10.1925512000
       10.2208993000
       10.2536979000
       10.2849154000
       10.3036510000
       10.3168996000
       10.3342326000
       10.3531018000
       10.3387077000
       10.3249998000
       10.3107784000
       10.2811545000
       10.2451794000
       10.2142062000
       10.1896140000
       10.1688579000
       10.1481025000
       10.1260757000
       10.1009724000
       10.0734834000
       10.0536065000
       10.0367985000
       10.0220639000
       10.0073157000
        9.9922492100
        9.9800430100
        9.9694338000
        9.9593373900
        9.9499636100
        9.9410639800
        9.9319248500
        9.9215109900
        9.9100562300
        9.9100562300
        9.9213979400
        9.9319580800
        9.9423777600
        9.9539322300
        9.9662222100
        9.9770708300
        9.9878921100
        9.9991874700
       10.0104555000
       10.0228060000
       10.0363948000
       10.0501903000
       10.0666646000
       10.0868759000
       10.1106438000
       10.1358182000
       10.1596333000
       10.1842455000
       10.2167803000
       10.2532969000
       10.2861246000
       10.3069324000
       10.3267828000
       10.3608368000
       10.4308336000
       10.3662621000
       10.3354426000
       10.3179227000
       10.2905643000
       10.2505284000
       10.2150047000
       10.1874959000
       10.1665278000
       10.1452942000
       10.1227585000
       10.0994273000
       10.0745942000
       10.0520971000
       10.0338027000
       10.0176280000
       10.0020424000
        9.9890126000
        9.9778838300
        9.9682744900
        9.9586025400
        9.9489559700
        9.9397892200
        9.9302720800
        9.9204358500
        9.9100562300
        9.9100562300
        9.9202472800
        9.9319215800
        9.9434022400
        9.9554438400
        9.9675381200
        9.9782206200
        9.9882140300
        9.9998385500
       10.0120124000
       10.0240781000
       10.0377070000
       10.0521965000
       10.0687498000
       10.0861520000
       10.1048002000
       10.1258366000
       10.1492881000
       10.1745020000
       10.2056987000
       10.2415839000
       10.2793666000
       10.3095301000
       10.3320179000
       10.3547117000
       10.3724276000
       10.3581801000
       10.3409197000
       10.3217896000
       10.2902617000
       10.2498413000
       10.2137210000
       10.1834204000
       10.1611677000
       10.1397922000
       10.1174669000
       10.0951154000
       10.0721152000
       10.0488002000
       10.0282026000
       10.0114304000
        9.9969863200
        9.9852051600
        9.9751323100
        9.9663703000
        9.9566870700
        9.9474268100
        9.9385819900
        9.9293917900
        9.9200218800
        9.9100562300
        9.9100562300
        9.9195515900
        9.9310594600
        9.9437597600
        9.9564029500
        9.9679389700
        9.9781990600
        9.9877394100
        9.9999702900
       10.0130702000
       10.0252318000
       10.0384246000
       10.0534103000
       10.0680464000
       10.0836600000
       10.1000920000
       10.1181337000
       10.1384627000
       10.1616840000
       10.1917100000
       10.2250893000
       10.2603148000
       10.2981892000
       10.3259031000
       10.3438682000
       10.3485029000
       10.3478599000
       10.3367640000
       10.3167815000
       10.2804766000
       10.2407555000
       10.2075383000
       10.1763482000
       10.1518842000
       10.1309705000
       10.1097056000
       10.0869678000
       10.0648842000
       10.0409064000
       10.0199005000
       10.0046935000
        9.9920869000
        9.9810939400
        9.9721991900
        9.9635133200
        9.9537879200
        9.9453158400
        9.9375461500
        9.9289129000
        9.9197850400
        9.9100562300
        9.9100562300
        9.9191282400
        9.9296962800
        9.9425950700
        9.9563250700
        9.9684579100
        9.9782540900
        9.9881272100
        9.9996057000
       10.0118712000
       10.0243104000
       10.0366708000
       10.0504868000
       10.0652274000
       10.0808796000
       10.0954494000
       10.1112148000
       10.1295847000
       10.1491835000
       10.1727696000
       10.2040510000
       10.2370651000
       10.2727946000
       10.3056640000
       10.3278082000
       10.3359966000
       10.3346645000
       10.3210643000
       10.2955341000
       10.2573726000
       10.2234833000
       10.1920923000
       10.1621921000
       10.1407977000
       10.1211228000
       10.0988301000
       10.0755632000
       10.0520488000
       10.0306911000
       10.0129743000
        9.9989709800
        9.9869455500
        9.9771012100
        9.9686793300
        9.9595211300
        9.9504467900
        9.9433474900
        9.9369662000
        9.9289736100
        9.9194005300
        9.9100562300
        9.9100562300
        9.9192199800
        9.9298945300
        9.9417439900
        9.9549003100
        9.9675787700
        9.9783732400
        9.9880204800
        9.9982440600
       10.0099873000
       10.0220158000
       10.0337760000
       10.0467927000
       10.0600355000
       10.0745770000
       10.0885847000
       10.1038198000
       10.1209286000
       10.1383894000
       10.1591021000
       10.1831799000
       10.2107601000
       10.2414157000
       10.2713162000
       10.2957178000
       10.3096802000
       10.3037210000
       10.2863818000
       10.2607435000
       10.2301357000
       10.2034837000
       10.1732696000
       10.1469585000
       10.1285772000
       10.1084714000
       10.0863814000
       10.0630258000
       10.0405145000
       10.0218525000
       10.0058473000
        9.9923020500
        9.9822734700
        9.9732409500
        9.9637465500
        9.9550050000
        9.9476092300
        9.9421775800
        9.9359423900
        9.9280881800
        9.9190051200
        9.9100562300
        9.9100562300
        9.9183211100
        9.9292764300
        9.9408423000
        9.9526565600
        9.9648258600
        9.9767665600
        9.9871473000
        9.9973740900
       10.0079406000
       10.0191827000
       10.0310211000
       10.0433698000
       10.0546692000
       10.0664582000
       10.0793049000
       10.0923526000
       10.1101473000
       10.1274010000
       10.1451200000
       10.1665871000
       10.1901877000
       10.2133448000
       10.2352924000
       10.2522678000
       10.2638338000
       10.2617528000
       10.2484119000
       10.2251539000
       10.2030657000
       10.1806897000
       10.1542283000
       10.1313286000
       10.1134926000
       10.0941553000
       10.0724425000
       10.0503019000
       10.0300995000
       10.0125768000
        9.9975757800
        9.9863908000
        9.9776283800
        9.9679987800
        9.9592387700
        9.9520015100
        9.9460349300
        9.9406247500
        9.9342882900
        9.9270660500
        9.9188028900
        9.9100562300
        9.9100562300
        9.9179415900
        9.9283670300
        9.9396706300
        9.9504779900
        9.9613447900
        9.9729512800
        9.9845191500
        9.9949054000
       10.0056359000
       10.0163262000
       10.0265013000
       10.0379422000
       10.0489353000
       10.0593982000
       10.0712233000
       10.0831879000
       10.0966623000
       10.1127852000
       10.1293503000
       10.1478312000
       10.1688171000
       10.1880952000
       10.2033001000
       10.2124637000
       10.2193066000
       10.2203763000
       10.2096019000
       10.1906505000
       10.1758975000
       10.1564842000
       10.1329014000
       10.1150424000
       10.0961747000
       10.0769259000
       10.0554018000
       10.0348576000
       10.0175998000
       10.0028671000
        9.9903439500
        9.9811932900
        9.9722682800
        9.9637578400
        9.9565139000
        9.9498616400
        9.9441510800
        9.9385270800
        9.9326563000
        9.9257888900
        9.9181500600
        9.9100562300
        9.9100562300
        9.9186632000
        9.9288624600
        9.9387629000
        9.9480884500
        9.9585421000
        9.9697924700
        9.9810383600
        9.9924074400
       10.0029229000
       10.0126748000
       10.0215091000
       10.0305175000
       10.0407061000
       10.0512353000
       10.0620676000
       10.0735707000
       10.0854222000
       10.0990329000
       10.1129494000
       10.1287415000
       10.1446710000
       10.1605527000
       10.1712638000
       10.1772761000
       10.1793801000
       10.1802032000
       10.1727495000
       10.1600752000
       10.1458161000
       10.1290640000
       10.1124889000
       10.0960775000
       10.0770398000
       10.0577253000
       10.0366560000
       10.0205808000
       10.0072004000
        9.9944967700
        9.9845371100
        9.9763887200
        9.9682366800
        9.9608036500
        9.9537221700
        9.9472203900
        9.9415717800
        9.9366244600
        9.9314813300
        9.9247546700
        9.9174214800
        9.9100562300
        9.9100562200
        9.9195002100
        9.9289628100
        9.9372962000
        9.9461760500
        9.9558382700
        9.9658270300
        9.9771047300
        9.9887474600
       10.0000923000
       10.0096173000
       10.0176523000
       10.0248328000
       10.0331927000
       10.0417378000
       10.0507634000
       10.0611426000
       10.0728518000
       10.0850396000
       10.0964552000
       10.1097239000
       10.1217355000
       10.1331147000
       10.1405116000
       10.1454193000
       10.1452029000
       10.1441179000
       10.1384590000
       10.1301770000
       10.1166499000
       10.1031005000
       10.0906087000
       10.0750293000
       10.0559717000
       10.0382393000
       10.0219335000
       10.0096962000
        9.9985092000
        9.9881592800
        9.9795357700
        9.9714494100
        9.9640954400
        9.9575849300
        9.9508851100
        9.9446372500
        9.9390877900
        9.9345540400
        9.9298454000
        9.9235418500
        9.9169661500
        9.9100562200
        9.9100562200
        9.9195385500
        9.9280986400
        9.9362702200
        9.9446633300
        9.9533554000
        9.9620265500
        9.9721959500
        9.9836030600
        9.9954464600
       10.0056155000
       10.0133107000
       10.0198952000
       10.0261964000
       10.0328617000
       10.0399562000
       10.0473046000
       10.0567091000
       10.0682310000
       10.0782647000
       10.0887430000
       10.0996353000
       10.1088529000
       10.1152637000
       10.1167882000
       10.1142662000
       10.1123814000
       10.1085206000
       10.1022751000
       10.0921914000
       10.0805565000
       10.0682622000
       10.0514114000
       10.0362988000
       10.0223259000
       10.0100038000
       10.0001062000
        9.9905060300
        9.9821519500
        9.9736075800
        9.9661105300
        9.9600737900
        9.9542711000
        9.9479633400
        9.9419165200
        9.9365975600
        9.9325001000
        9.9278558800
        9.9223616100
        9.9164199200
        9.9100562200
        9.9100562200
        9.9184768300
        9.9269615200
        9.9351709000
        9.9429275000
        9.9504924800
        9.9586988400
        9.9675886000
        9.9780580100
        9.9897810700
       10.0000857000
       10.0079123000
       10.0142795000
       10.0192896000
       10.0240268000
       10.0296443000
       10.0353222000
       10.0418258000
       10.0490384000
       10.0575625000
       10.0665782000
       10.0765259000
       10.0840403000
       10.0875498000
       10.0868710000
       10.0848747000
       10.0833150000
       10.0800914000
       10.0748847000
       10.0673283000
       10.0576624000
       10.0464438000
       10.0330380000
       10.0212202000
       10.0094419000
        9.9996396000
        9.9913249600
        9.9836992600
        9.9753912300
        9.9677845300
        9.9620717300
        9.9565801700
        9.9507859400
        9.9449238300
        9.9393211100
        9.9344791500
        9.9308105900
        9.9266474200
        9.9215450300
        9.9157095000
        9.9100562200
        9.9100562100
        9.9169159500
        9.9252073600
        9.9338681300
        9.9411384500
        9.9477680300
        9.9551524000
        9.9632282700
        9.9722940500
        9.9835014800
        9.9942918100
       10.0021311000
       10.0083664000
       10.0130711000
       10.0169102000
       10.0203790000
       10.0242670000
       10.0275820000
       10.0323300000
       10.0381862000
       10.0443216000
       10.0516789000
       10.0588856000
       10.0631027000
       10.0635379000
       10.0619224000
       10.0606886000
       10.0567365000
       10.0507442000
       10.0443343000
       10.0369359000
       10.0272988000
       10.0177392000
       10.0082566000
        9.9991031200
        9.9912511400
        9.9842995500
        9.9772195000
        9.9699315800
        9.9643578100
        9.9589128700
        9.9530669900
        9.9475820600
        9.9423713700
        9.9371831000
        9.9329866100
        9.9294337600
        9.9255137600
        9.9209388900
        9.9156054600
        9.9100562100
        9.9100562000
        9.9164927500
        9.9236795000
        9.9313169300
        9.9386003900
        9.9452117100
        9.9513788600
        9.9587512100
        9.9673398600
        9.9772056200
        9.9871426000
        9.9954897300
       10.0017440000
       10.0068505000
       10.0101632000
       10.0128433000
       10.0151889000
       10.0174098000
       10.0202218000
       10.0239539000
       10.0272772000
       10.0322833000
       10.0384054000
       10.0440168000
       10.0469130000
       10.0459179000
       10.0429517000
       10.0386039000
       10.0330828000
       10.0274778000
       10.0200136000
       10.0125436000
       10.0049336000
        9.9974146400
        9.9903505500
        9.9839418700
        9.9781065700
        9.9718240500
        9.9660320400
        9.9609447500
        9.9552238900
        9.9496709500
        9.9447814300
        9.9399556700
        9.9355591700
        9.9315883500
        9.9279001200
        9.9243255400
        9.9204210200
        9.9157761300
        9.9100562000
        9.9100561800
        9.9156868800
        9.9222416700
        9.9292579400
        9.9359339800
        9.9424976000
        9.9483378400
        9.9544032500
        9.9618201700
        9.9704184800
        9.9791066300
        9.9873301200
        9.9936672400
        9.9986570400
       10.0020836000
       10.0045431000
       10.0065505000
       10.0086610000
       10.0101403000
       10.0113610000
       10.0144262000
       10.0180512000
       10.0224252000
       10.0275381000
       10.0305968000
       10.0304455000
       10.0269886000
       10.0236896000
       10.0187567000
       10.0123092000
       10.0060697000
       10.0003920000
        9.9943881100
        9.9886626100
        9.9827603800
        9.9774651000
        9.9723990600
        9.9669186700
        9.9616391900
        9.9567392900
        9.9515703000
        9.9466547700
        9.9420525200
        9.9377287100
        9.9337604200
        9.9303053800
        9.9268955800
        9.9232265100
        9.9193834400
        9.9151369400
        9.9100561800
        9.9100561600
        9.9153188700
        9.9211852800
        9.9272657100
        9.9334806800
        9.9397317200
        9.9454396300
        9.9508602300
        9.9567967600
        9.9636880800
        9.9708199900
        9.9779346800
        9.9846130800
        9.9897846600
        9.9934592500
        9.9955160100
        9.9970077200
        9.9986618600
       10.0000181000
       10.0004743000
       10.0020580000
       10.0050237000
       10.0082182000
       10.0115338000
       10.0135430000
       10.0145158000
       10.0119449000
       10.0085841000
       10.0038228000
        9.9987481300
        9.9943972100
        9.9899963600
        9.9858103000
        9.9812368300
        9.9760028900
        9.9716627300
        9.9668955700
        9.9619360200
        9.9572486400
        9.9528758500
        9.9484069400
        9.9439070300
        9.9392369600
        9.9351302000
        9.9318992600
        9.9287984000
        9.9255645900
        9.9219950300
        9.9182452200
        9.9144230200
        9.9100561600
        9.9100561200
        9.9150777700
        9.9202515300
        9.9258905000
        9.9319686700
        9.9376602300
        9.9424075700
        9.9472343200
        9.9526994200
        9.9586479500
        9.9642508900
        9.9697587900
        9.9753929400
        9.9806167600
        9.9849593900
        9.9872595200
        9.9883030200
        9.9887801100
        9.9892904300
        9.9897079500
        9.9898799200
        9.9912737900
        9.9937325300
        9.9953063400
        9.9969385600
        9.9972447100
        9.9959115500
        9.9922507500
        9.9888802700
        9.9858182700
        9.9831795600
        9.9800767500
        9.9773422500
        9.9734650400
        9.9696265100
        9.9657058900
        9.9614441400
        9.9572544500
        9.9530693600
        9.9490372100
        9.9451211400
        9.9404718200
        9.9360761800
        9.9327993600
        9.9297912300
        9.9269273500
        9.9241982500
        9.9210554800
        9.9174037200
        9.9136800600
        9.9100561200
        9.9100560600
        9.9151070400
        9.9197097800
        9.9248428900
        9.9302350500
        9.9353650900
        9.9400532300
        9.9441849900
        9.9487006900
        9.9540090000
        9.9591438900
        9.9639479200
        9.9683164800
        9.9721323700
        9.9760686100
        9.9784443700
        9.9795206500
        9.9793479600
        9.9788176900
        9.9791011600
        9.9787846900
        9.9790927300
        9.9798195900
        9.9804632500
        9.9818946100
        9.9815567000
        9.9808635300
        9.9779077000
        9.9760326400
        9.9739881600
        9.9729665700
        9.9711731800
        9.9692080500
        9.9662992700
        9.9633147300
        9.9595796100
        9.9560268800
        9.9520144400
        9.9482106500
        9.9448635900
        9.9411591400
        9.9369277500
        9.9333755400
        9.9304433800
        9.9277821900
        9.9253392400
        9.9227295900
        9.9199377300
        9.9165237600
        9.9130461800
        9.9100560600
        9.9100559700
        9.9148295300
        9.9194494400
        9.9237974800
        9.9285011500
        9.9331845700
        9.9375710400
        9.9413246700
        9.9452043200
        9.9495349900
        9.9539990800
        9.9578800100
        9.9617582400
        9.9644803100
        9.9670573300
        9.9695495700
        9.9704730500
        9.9701018200
        9.9691523300
        9.9690522300
        9.9686441100
        9.9678646200
        9.9670816400
        9.9672716100
        9.9678883300
        9.9683981500
        9.9679238400
        9.9664358400
        9.9654660800
        9.9647508600
        9.9642291900
        9.9633118200
        9.9615881600
        9.9593984300
        9.9567180000
        9.9534908600
        9.9500354900
        9.9466540500
        9.9437525200
        9.9408773400
        9.9372991200
        9.9338446200
        9.9309616400
        9.9282426700
        9.9257370800
        9.9233799000
        9.9210144000
        9.9185733800
        9.9156116500
        9.9125757200
        9.9100559700
        9.9100558400
        9.9143253400
        9.9185106000
        9.9225132100
        9.9267595500
        9.9310789600
        9.9349785100
        9.9383183800
        9.9415178600
        9.9451294900
        9.9489222700
        9.9519996500
        9.9547123600
        9.9571565000
        9.9586896400
        9.9607258200
        9.9611752000
        9.9607159400
        9.9600191500
        9.9589787500
        9.9583487200
        9.9572571700
        9.9563458600
        9.9559280600
        9.9558112600
        9.9566102500
        9.9566233900
        9.9566805200
        9.9566946100
        9.9571376100
        9.9567408100
        9.9558635100
        9.9539526000
        9.9518775500
        9.9495977900
        9.9470162000
        9.9444602900
        9.9421336400
        9.9397030000
        9.9367683700
        9.9335737200
        9.9309540600
        9.9285447700
        9.9258645100
        9.9235551300
        9.9215216100
        9.9194796400
        9.9173660000
        9.9149802300
        9.9123506600
        9.9100558400
        9.9100556400
        9.9138893400
        9.9176913300
        9.9213276100
        9.9249301500
        9.9287438800
        9.9321585500
        9.9350808700
        9.9375188500
        9.9403312300
        9.9432749000
        9.9459127000
        9.9477306200
        9.9496263500
        9.9507427300
        9.9516001900
        9.9519543700
        9.9518619100
        9.9513889100
        9.9506179100
        9.9498157000
        9.9492002900
        9.9484615600
        9.9476135500
        9.9467998800
        9.9467579300
        9.9475887300
        9.9487193800
        9.9493748500
        9.9499151900
        9.9498180000
        9.9486442300
        9.9467812700
        9.9446740200
        9.9426744600
        9.9406248000
        9.9389637800
        9.9372063400
        9.9350528400
        9.9326130200
        9.9302669300
        9.9283456100
        9.9260441700
        9.9236315100
        9.9217860000
        9.9200838200
        9.9183623700
        9.9165299300
        9.9143520400
        9.9120775000
        9.9100556400
        9.9100553600
        9.9133013300
        9.9166159400
        9.9197504100
        9.9228473800
        9.9261118000
        9.9290342000
        9.9315871400
        9.9336878000
        9.9356875600
        9.9375419700
        9.9393124600
        9.9406657200
        9.9417659600
        9.9425341900
        9.9429386700
        9.9442119400
        9.9442055000
        9.9441132500
        9.9437609100
        9.9428290800
        9.9420679100
        9.9413517800
        9.9405856700
        9.9399016700
        9.9392603900
        9.9402502400
        9.9414843900
        9.9419907900
        9.9423521000
        9.9420732300
        9.9414886600
        9.9401177700
        9.9385150200
        9.9368812100
        9.9351477100
        9.9338619200
        9.9325413700
        9.9310081600
        9.9291425900
        9.9272861500
        9.9255588700
        9.9236667900
        9.9218482600
        9.9202603300
        9.9187790100
        9.9171897800
        9.9154769200
        9.9136002900
        9.9117484200
        9.9100553600
        9.9100550500
        9.9126523300
        9.9153194600
        9.9180947700
        9.9205962900
        9.9230070000
        9.9253433000
        9.9273444200
        9.9293273100
        9.9307901100
        9.9320725400
        9.9331221300
        9.9336896900
        9.9346343500
        9.9355066700
        9.9357519200
        9.9365105000
        9.9368465800
        9.9369329200
        9.9366101800
        9.9359639800
        9.9351030900
        9.9342802900
        9.9337300400
        9.9335892700
        9.9332081100
        9.9334161400
        9.9340236400
        9.9348915000
        9.9351823400
        9.9347694800
        9.9341532600
        9.9335154300
        9.9328329400
        9.9315056200
        9.9303769600
        9.9293509400
        9.9282664100
        9.9270682400
        9.9254546200
        9.9241030900
        9.9228571500
        9.9214570200
        9.9200381800
        9.9186761700
        9.9173348800
        9.9158686600
        9.9144512000
        9.9128862000
        9.9113794500
        9.9100550500
        9.9100550100
        9.9120528600
        9.9141053100
        9.9161697600
        9.9181631800
        9.9198293100
        9.9216066900
        9.9230116900
        9.9243403400
        9.9254196200
        9.9263415800
        9.9270980800
        9.9276169700
        9.9283874100
        9.9291899700
        9.9294834400
        9.9293657000
        9.9297866500
        9.9293986800
        9.9293058000
        9.9292489900
        9.9285498800
        9.9278688000
        9.9274163200
        9.9270837800
        9.9273025000
        9.9273748700
        9.9278014400
        9.9285117700
        9.9285875100
        9.9282448600
        9.9273806400
        9.9273089500
        9.9271357400
        9.9263519000
        9.9257001800
        9.9249999500
        9.9241338800
        9.9230436300
        9.9220001200
        9.9209662800
        9.9201625400
        9.9191051100
        9.9179346800
        9.9168072100
        9.9156203400
        9.9144903400
        9.9132999900
        9.9120918800
        9.9110105400
        9.9100550100
        9.9100565800
        9.9114571000
        9.9127920300
        9.9140528100
        9.9154392600
        9.9167063500
        9.9178822000
        9.9189186600
        9.9197125000
        9.9203829200
        9.9209766600
        9.9214686900
        9.9221288400
        9.9223844600
        9.9227919400
        9.9232388600
        9.9231757800
        9.9229743100
        9.9226187700
        9.9226239600
        9.9228369900
        9.9226660900
        9.9220242400
        9.9217304100
        9.9213565800
        9.9216929700
        9.9220668600
        9.9222387100
        9.9225619300
        9.9227983600
        9.9222127800
        9.9214230900
        9.9213090500
        9.9215071200
        9.9214519900
        9.9210636700
        9.9206732800
        9.9200637700
        9.9192915200
        9.9186308400
        9.9178516000
        9.9171255200
        9.9162200800
        9.9153041800
        9.9145349300
        9.9137516300
        9.9129363800
        9.9120691000
        9.9112944500
        9.9105884900
        9.9100565800
        9.9100642100
        9.9107752300
        9.9114524100
        9.9119569300
        9.9125484100
        9.9134292500
        9.9140167000
        9.9144514200
        9.9149944500
        9.9152271200
        9.9154678500
        9.9159038700
        9.9163941900
        9.9164966500
        9.9165738100
        9.9166487100
        9.9167081000
        9.9164288100
        9.9162314800
        9.9163454600
        9.9164305600
        9.9166514000
        9.9163806700
        9.9161459800
        9.9161021800
        9.9161689100
        9.9163196700
        9.9162336800
        9.9163555800
        9.9166717300
        9.9161234800
        9.9157259000
        9.9155108500
        9.9159134200
        9.9159686800
        9.9160925700
        9.9159024000
        9.9155777100
        9.9149679200
        9.9144374200
        9.9140816000
        9.9135762500
        9.9130108200
        9.9125579400
        9.9123016500
        9.9118985900
        9.9113754100
        9.9109211100
        9.9105872800
        9.9102940900
        9.9100642100
        9.9100908600
        9.9100642100
        9.9100565800
        9.9100550100
        9.9100550500
        9.9100553600
        9.9100556400
        9.9100558400
        9.9100559700
        9.9100560600
        9.9100561200
        9.9100561600
        9.9100561800
        9.9100562000
        9.9100562100
        9.9100562200
        9.9100562200
        9.9100562200
        9.9100562300
        9.9100562300
        9.9100562300
        9.9100562300
        9.9100562300
        9.9100562300
        9.9100562300
        9.9100562300
        9.9100562300
        9.9100562300
        9.9100562300
        9.9100562300
        9.9100562300
        9.9100562300
        9.9100562300
        9.9100562200
        9.9100562200
        9.9100562200
        9.9100562100
        9.9100562000
        9.9100561800
        9.9100561600
        9.9100561200
        9.9100560600
        9.9100559700
        9.9100558400
        9.9100556400
        9.9100553600
        9.9100550500
        9.9100550100
        9.9100565800
        9.9100642100
        9.9100908600
