        9.9100908600
        9.9100642100
        9.9100565800
        9.9100550100
        9.9100550500
        9.9100553600
        9.9100556400
        9.9100558400
        9.9100559700
        9.9100560600
        9.9100561200
        9.9100561600
        9.9100561800
        9.9100562000
        9.9100562100
        9.9100562200
        9.9100562200
        9.9100562200
        9.9100562300
        9.9100562300
        9.9100562300
        9.9100562300
        9.9100562300
        9.9100562300
        9.9100562300
        9.9100562300
        9.9100562300
        9.9100562300
        9.9100562300
        9.9100562300
        9.9100562300
        9.9100562300
        9.9100562300
        9.9100562200
        9.9100562200
        9.9100562200
        9.9100562100
        9.9100562000
        9.9100561800
        9.9100561600
        9.9100561200
        9.9100560600
        9.9100559700
        9.9100558400
        9.9100556400
        9.9100553600
        9.9100550500
        9.9100550100
        9.9100565800
        9.9100642100
        9.9100908600
        9.9100642100
        9.9104405300
        9.9107895800
        9.9112306000
        9.9116771500
        9.9122436000
        9.9130707100
        9.9141764200
        9.9152250200
        9.9164691200
        9.9174915300
        9.9184189700
        9.9198774400
        9.9210322400
        9.9221357800
        9.9231554300
        9.9247723700
        9.9263954200
        9.9262633800
        9.9261611800
        9.9263671900
        9.9258239700
        9.9263505600
        9.9266522400
        9.9271256500
        9.9273733200
        9.9264853500
        9.9249227600
        9.9237120200
        9.9217898700
        9.9207278200
        9.9195112000
        9.9193307800
        9.9185717800
        9.9180151300
        9.9179941500
        9.9180893500
        9.9174076300
        9.9164095000
        9.9159111600
        9.9148446400
        9.9144839800
        9.9142810000
        9.9141492200
        9.9135779700
        9.9130988700
        9.9123154300
        9.9117096300
        9.9111591500
        9.9105869600
        9.9100642100
        9.9100565800
        9.9108172000
        9.9115859600
        9.9124401600
        9.9133792300
        9.9145574600
        9.9159018800
        9.9176441800
        9.9196198700
        9.9220332400
        9.9242647200
        9.9257970900
        9.9284992700
        9.9306540500
        9.9330137700
        9.9360553100
        9.9389434900
        9.9404829100
        9.9411407700
        9.9412395300
        9.9414533900
        9.9404181400
        9.9416092500
        9.9428923400
        9.9422983000
        9.9430667800
        9.9432705500
        9.9412623300
        9.9393453500
        9.9363227300
        9.9334517400
        9.9319880100
        9.9308817000
        9.9296028600
        9.9289549900
        9.9285642400
        9.9276138500
        9.9266447600
        9.9252206800
        9.9236287400
        9.9215898800
        9.9201811100
        9.9191201000
        9.9184440300
        9.9174645800
        9.9163576800
        9.9151115600
        9.9136117200
        9.9122307600
        9.9110995200
        9.9100565800
        9.9100550100
        9.9111669900
        9.9123153800
        9.9136818400
        9.9152341400
        9.9168699600
        9.9186676800
        9.9209050300
        9.9237790600
        9.9267948200
        9.9298620500
        9.9325928500
        9.9359765900
        9.9393474500
        9.9428048900
        9.9466450700
        9.9495119000
        9.9520533500
        9.9536976900
        9.9547593400
        9.9555774700
        9.9557867600
        9.9564085700
        9.9573981100
        9.9568443100
        9.9575850400
        9.9579991200
        9.9568964900
        9.9547742300
        9.9526513600
        9.9495725300
        9.9472088400
        9.9450327300
        9.9436148400
        9.9428955400
        9.9414453700
        9.9391417400
        9.9368687500
        9.9346180500
        9.9315733400
        9.9288487200
        9.9265127900
        9.9244460300
        9.9226782100
        9.9213988300
        9.9196424300
        9.9178506100
        9.9157650000
        9.9135597400
        9.9116707900
        9.9100550100
        9.9100550500
        9.9114827100
        9.9130572600
        9.9148998400
        9.9168236500
        9.9188606800
        9.9212921400
        9.9244072000
        9.9277045600
        9.9313049700
        9.9348734800
        9.9385895400
        9.9426996900
        9.9466180000
        9.9502553800
        9.9538577000
        9.9573228600
        9.9606900600
        9.9635289200
        9.9659248700
        9.9678865400
        9.9686441700
        9.9689441000
        9.9695615800
        9.9704109700
        9.9706538700
        9.9702999800
        9.9700671600
        9.9693251300
        9.9689979300
        9.9671744700
        9.9644875400
        9.9606560500
        9.9587047700
        9.9582016900
        9.9548802400
        9.9516669200
        9.9475807400
        9.9434875300
        9.9391898700
        9.9354986400
        9.9322418200
        9.9295806000
        9.9268513600
        9.9247905700
        9.9225334900
        9.9200232600
        9.9175555500
        9.9149120100
        9.9123041400
        9.9100550500
        9.9100553600
        9.9117773600
        9.9137089900
        9.9159165700
        9.9184376500
        9.9211803100
        9.9244974100
        9.9280940000
        9.9316123400
        9.9357634700
        9.9394849600
        9.9435628600
        9.9478829600
        9.9518861000
        9.9560811500
        9.9598780700
        9.9636868200
        9.9678620100
        9.9714139000
        9.9745535200
        9.9771123500
        9.9789274800
        9.9798406600
        9.9808548400
        9.9820528000
        9.9824855800
        9.9826811400
        9.9833162200
        9.9845785900
        9.9851235600
        9.9832626600
        9.9811388900
        9.9780184000
        9.9749208100
        9.9728486200
        9.9686996200
        9.9636289600
        9.9589178300
        9.9534680000
        9.9476157400
        9.9421367800
        9.9375898800
        9.9343902900
        9.9311582300
        9.9282647300
        9.9253821900
        9.9220265300
        9.9187392200
        9.9156325700
        9.9126844700
        9.9100553600
        9.9100556400
        9.9119785000
        9.9142927100
        9.9173094900
        9.9207115800
        9.9241312200
        9.9278275600
        9.9316043000
        9.9356471700
        9.9398037100
        9.9436014100
        9.9475611300
        9.9517562500
        9.9565941100
        9.9615719300
        9.9659554700
        9.9703617500
        9.9752591900
        9.9792563600
        9.9827972400
        9.9859656200
        9.9885333400
        9.9903253600
        9.9921310900
        9.9934249200
        9.9939753100
        9.9949938500
        9.9975246700
        9.9996409200
        9.9996744000
        9.9979007400
        9.9958970900
        9.9941067900
        9.9907333100
        9.9863379200
        9.9819347800
        9.9760329900
        9.9703077300
        9.9639167400
        9.9570691800
        9.9499724600
        9.9436446500
        9.9391721700
        9.9354527500
        9.9318579100
        9.9285317900
        9.9243103000
        9.9199764500
        9.9162556900
        9.9130082700
        9.9100556400
        9.9100558400
        9.9123278100
        9.9153783700
        9.9193893000
        9.9233541100
        9.9270135900
        9.9308675400
        9.9349279800
        9.9390670900
        9.9431747800
        9.9471200800
        9.9515729100
        9.9566628700
        9.9624350600
        9.9679422200
        9.9726485200
        9.9779982300
        9.9832242700
        9.9874432500
        9.9917698000
        9.9949465500
        9.9977853000
       10.0005333000
       10.0031036000
       10.0050648000
       10.0063557000
       10.0078689000
       10.0098794000
       10.0115449000
       10.0124700000
       10.0121582000
       10.0101735000
       10.0079431000
       10.0047683000
        9.9996171500
        9.9940641100
        9.9876752900
        9.9810195100
        9.9736748100
        9.9655713300
        9.9574722500
        9.9499319500
        9.9440867500
        9.9397693500
        9.9355595100
        9.9316102300
        9.9270258000
        9.9217240700
        9.9171238500
        9.9133936500
        9.9100558400
        9.9100559700
        9.9131493700
        9.9169758800
        9.9213706300
        9.9256382000
        9.9294539200
        9.9333132500
        9.9375283600
        9.9419976100
        9.9464514900
        9.9512315100
        9.9566161600
        9.9623393600
        9.9687632300
        9.9746539700
        9.9795567700
        9.9856155600
        9.9912330800
        9.9962509900
       10.0009190000
       10.0045087000
       10.0088355000
       10.0124067000
       10.0151982000
       10.0175398000
       10.0193820000
       10.0207405000
       10.0211085000
       10.0223800000
       10.0241960000
       10.0253555000
       10.0237720000
       10.0209147000
       10.0178252000
       10.0130039000
       10.0063273000
        9.9983309600
        9.9898701900
        9.9821586000
        9.9733908400
        9.9646490700
        9.9562503800
        9.9488926200
        9.9436059500
        9.9392446500
        9.9346296700
        9.9295226900
        9.9238862800
        9.9184731900
        9.9139098800
        9.9100559700
        9.9100560600
        9.9139356700
        9.9182023800
        9.9230569000
        9.9278447000
        9.9318812000
        9.9360560300
        9.9404707700
        9.9451296200
        9.9500079600
        9.9557764900
        9.9617517300
        9.9679457500
        9.9752296800
        9.9813853800
        9.9871600700
        9.9937756500
       10.0002530000
       10.0059874000
       10.0110029000
       10.0163066000
       10.0212302000
       10.0253256000
       10.0280117000
       10.0307749000
       10.0337408000
       10.0346967000
       10.0351897000
       10.0360495000
       10.0372389000
       10.0375811000
       10.0365712000
       10.0332594000
       10.0289812000
       10.0244174000
       10.0176322000
       10.0091412000
        9.9988608300
        9.9892610700
        9.9799397200
        9.9706806700
        9.9621072800
        9.9539964000
        9.9475076800
        9.9428035300
        9.9378355400
        9.9321710100
        9.9261049500
        9.9198161800
        9.9143045100
        9.9100560600
        9.9100561200
        9.9145866400
        9.9198269900
        9.9253593300
        9.9303305000
        9.9347345900
        9.9392465500
        9.9436692000
        9.9481144600
        9.9538573800
        9.9605021300
        9.9667816000
        9.9737744100
        9.9816116200
        9.9887907200
        9.9958598300
       10.0031864000
       10.0103134000
       10.0168085000
       10.0227779000
       10.0289705000
       10.0341892000
       10.0386284000
       10.0416172000
       10.0451533000
       10.0487786000
       10.0503054000
       10.0513395000
       10.0528079000
       10.0521932000
       10.0503102000
       10.0481154000
       10.0447932000
       10.0395667000
       10.0342738000
       10.0277531000
       10.0195612000
       10.0084309000
        9.9967058200
        9.9861930800
        9.9765804200
        9.9667432300
        9.9579039300
        9.9510389800
        9.9459315600
        9.9411405800
        9.9349089200
        9.9278167500
        9.9209749300
        9.9147977100
        9.9100561200
        9.9100561600
        9.9155942700
        9.9219554900
        9.9277402000
        9.9329765200
        9.9376522800
        9.9421599600
        9.9466097200
        9.9516269300
        9.9581251900
        9.9652375000
        9.9721358900
        9.9798955400
        9.9892824700
        9.9981380000
       10.0058254000
       10.0139043000
       10.0218346000
       10.0294894000
       10.0367305000
       10.0436155000
       10.0484923000
       10.0528301000
       10.0572578000
       10.0613624000
       10.0639750000
       10.0673259000
       10.0693799000
       10.0700114000
       10.0670939000
       10.0640242000
       10.0610722000
       10.0569669000
       10.0519202000
       10.0464698000
       10.0401412000
       10.0315380000
       10.0189951000
       10.0047315000
        9.9926092500
        9.9818110100
        9.9713179800
        9.9618308000
        9.9545101800
        9.9485698200
        9.9434459900
        9.9372102500
        9.9293222800
        9.9216173600
        9.9153753600
        9.9100561600
        9.9100561800
        9.9167530600
        9.9237943200
        9.9297795200
        9.9351570000
        9.9400056900
        9.9446991100
        9.9494267100
        9.9553201200
        9.9625672000
        9.9699460600
        9.9772611300
        9.9867992600
        9.9984689600
       10.0082852000
       10.0168713000
       10.0268421000
       10.0359582000
       10.0438528000
       10.0519309000
       10.0590459000
       10.0643981000
       10.0686945000
       10.0744684000
       10.0782804000
       10.0807435000
       10.0854833000
       10.0879723000
       10.0851109000
       10.0822952000
       10.0789500000
       10.0751741000
       10.0708139000
       10.0654770000
       10.0602548000
       10.0539313000
       10.0442982000
       10.0310747000
       10.0142128000
        9.9993079000
        9.9869919500
        9.9761130100
        9.9662336600
        9.9583102500
        9.9513176000
        9.9449788500
        9.9384996900
        9.9307285800
        9.9226306500
        9.9159144700
        9.9100561800
        9.9100562000
        9.9178226100
        9.9253922200
        9.9313556200
        9.9370206700
        9.9423541900
        9.9473044700
        9.9524037900
        9.9586643000
        9.9660076900
        9.9735093600
        9.9822744100
        9.9943391900
       10.0074561000
       10.0184193000
       10.0292529000
       10.0408574000
       10.0502649000
       10.0585569000
       10.0675790000
       10.0748309000
       10.0813931000
       10.0868137000
       10.0920952000
       10.0955298000
       10.0998748000
       10.1036145000
       10.1049584000
       10.1010868000
       10.0969102000
       10.0930452000
       10.0887226000
       10.0843015000
       10.0781312000
       10.0713861000
       10.0649681000
       10.0547912000
       10.0411202000
       10.0245069000
       10.0075221000
        9.9930790000
        9.9813003000
        9.9708105400
        9.9619586300
        9.9544958000
        9.9467097800
        9.9391268800
        9.9314654900
        9.9237953800
        9.9166797800
        9.9100562000
        9.9100562100
        9.9186398200
        9.9265151100
        9.9330765000
        9.9392263300
        9.9446661600
        9.9497007400
        9.9548499400
        9.9613266500
        9.9690224600
        9.9776623000
        9.9882339900
       10.0012851000
       10.0151643000
       10.0276307000
       10.0404781000
       10.0527611000
       10.0627158000
       10.0729614000
       10.0824870000
       10.0908908000
       10.0983391000
       10.1063216000
       10.1125117000
       10.1171121000
       10.1220144000
       10.1232458000
       10.1221975000
       10.1189052000
       10.1129245000
       10.1069558000
       10.1015389000
       10.0958007000
       10.0894195000
       10.0810346000
       10.0731184000
       10.0631244000
       10.0480848000
       10.0309109000
       10.0143531000
        9.9997782600
        9.9870481600
        9.9757743700
        9.9657451500
        9.9564772500
        9.9477008100
        9.9395734600
        9.9321531900
        9.9249566800
        9.9175451200
        9.9100562100
        9.9100562200
        9.9191943400
        9.9277949900
        9.9350733300
        9.9414855100
        9.9470436300
        9.9517915200
        9.9570867800
        9.9642391200
        9.9723424200
        9.9820554600
        9.9936889100
       10.0072311000
       10.0221934000
       10.0371320000
       10.0522713000
       10.0654025000
       10.0773789000
       10.0889426000
       10.0987073000
       10.1079884000
       10.1170409000
       10.1263021000
       10.1342708000
       10.1410695000
       10.1466292000
       10.1471435000
       10.1430888000
       10.1383685000
       10.1322136000
       10.1241055000
       10.1142527000
       10.1062388000
       10.0982004000
       10.0899460000
       10.0807523000
       10.0698572000
       10.0548512000
       10.0375072000
       10.0203939000
       10.0054442000
        9.9921313500
        9.9798176000
        9.9697746500
        9.9593151000
        9.9485621600
        9.9397053200
        9.9325592000
        9.9261097600
        9.9183799800
        9.9100562200
        9.9100562200
        9.9195923100
        9.9290057100
        9.9368001200
        9.9432752600
        9.9489998900
        9.9538085900
        9.9597648800
        9.9676283200
        9.9763735100
        9.9866858700
        9.9993521900
       10.0144344000
       10.0307463000
       10.0472084000
       10.0635684000
       10.0795852000
       10.0943638000
       10.1069545000
       10.1190500000
       10.1288786000
       10.1388778000
       10.1497531000
       10.1577662000
       10.1652235000
       10.1710694000
       10.1731662000
       10.1690490000
       10.1615306000
       10.1524076000
       10.1423042000
       10.1301221000
       10.1190634000
       10.1083160000
       10.0980364000
       10.0880865000
       10.0763490000
       10.0602892000
       10.0416779000
       10.0252116000
       10.0110458000
        9.9971515400
        9.9841381500
        9.9724396300
        9.9613946500
        9.9504123800
        9.9408554400
        9.9333796500
        9.9266366800
        9.9189530700
        9.9100562200
        9.9100562200
        9.9198909700
        9.9294785600
        9.9378089100
        9.9449964200
        9.9508691100
        9.9562299600
        9.9632950800
        9.9718686000
        9.9815127700
        9.9924401400
       10.0051904000
       10.0200878000
       10.0367285000
       10.0544567000
       10.0740219000
       10.0942907000
       10.1121208000
       10.1269093000
       10.1406951000
       10.1555646000
       10.1670980000
       10.1784930000
       10.1866091000
       10.1950475000
       10.2032240000
       10.2039212000
       10.1976377000
       10.1867498000
       10.1750914000
       10.1619204000
       10.1483991000
       10.1346470000
       10.1212189000
       10.1079972000
       10.0953280000
       10.0821222000
       10.0660138000
       10.0471401000
       10.0291638000
       10.0142098000
       10.0006462000
        9.9873670000
        9.9749285800
        9.9631898500
        9.9521639100
        9.9425159200
        9.9345775200
        9.9275767600
        9.9192798200
        9.9100562200
        9.9100562300
        9.9209438300
        9.9300499400
        9.9384168100
        9.9462382200
        9.9526734500
        9.9594137700
        9.9672020400
        9.9765151500
        9.9866411400
        9.9973094700
       10.0097063000
       10.0242832000
       10.0416169000
       10.0607500000
       10.0839424000
       10.1094230000
       10.1293080000
       10.1457891000
       10.1645097000
       10.1821290000
       10.1939686000
       10.2051409000
       10.2174588000
       10.2271899000
       10.2328542000
       10.2310584000
       10.2256071000
       10.2152011000
       10.1990149000
       10.1844909000
       10.1687525000
       10.1521514000
       10.1354899000
       10.1191410000
       10.1040543000
       10.0871647000
       10.0697313000
       10.0518024000
       10.0331417000
       10.0166110000
       10.0029538000
        9.9902378500
        9.9773783200
        9.9650608900
        9.9542353200
        9.9446928200
        9.9361304300
        9.9283776600
        9.9195866400
        9.9100562300
        9.9100562300
        9.9212037500
        9.9309063700
        9.9396013900
        9.9471214900
        9.9544957800
        9.9624817600
        9.9711846900
        9.9809747100
        9.9903474900
       10.0005679000
       10.0127766000
       10.0271466000
       10.0459440000
       10.0677401000
       10.0938654000
       10.1223931000
       10.1458076000
       10.1659862000
       10.1871310000
       10.2032171000
       10.2183008000
       10.2309655000
       10.2431935000
       10.2519568000
       10.2552498000
       10.2540064000
       10.2478455000
       10.2382935000
       10.2220038000
       10.2031060000
       10.1862146000
       10.1683715000
       10.1492059000
       10.1300922000
       10.1123108000
       10.0930399000
       10.0723647000
       10.0533196000
       10.0349531000
       10.0183581000
       10.0050846000
        9.9923668100
        9.9794666100
        9.9673140200
        9.9563041000
        9.9467581200
        9.9379460900
        9.9292544200
        9.9196036100
        9.9100562300
        9.9100562300
        9.9213937700
        9.9312727800
        9.9399415000
        9.9478287000
        9.9564193800
        9.9656549900
        9.9743700200
        9.9835329200
        9.9931976800
       10.0037404000
       10.0161110000
       10.0303344000
       10.0496003000
       10.0745899000
       10.1035191000
       10.1343169000
       10.1609309000
       10.1840851000
       10.2057186000
       10.2229488000
       10.2397674000
       10.2559352000
       10.2694644000
       10.2790689000
       10.2827255000
       10.2815677000
       10.2723224000
       10.2562147000
       10.2378913000
       10.2185640000
       10.1988383000
       10.1802148000
       10.1596820000
       10.1385054000
       10.1191987000
       10.0978975000
       10.0752323000
       10.0530534000
       10.0340304000
       10.0191677000
       10.0063975000
        9.9940142400
        9.9814223300
        9.9689031300
        9.9580411900
        9.9484313100
        9.9392432100
        9.9300379000
        9.9199774400
        9.9100562300
        9.9100562300
        9.9217376100
        9.9318103200
        9.9403665700
        9.9482875900
        9.9576710600
        9.9676888100
        9.9766785300
        9.9862609300
        9.9961089600
       10.0063056000
       10.0193300000
       10.0339510000
       10.0530989000
       10.0801357000
       10.1114396000
       10.1447777000
       10.1745426000
       10.1988122000
       10.2221497000
       10.2427011000
       10.2627568000
       10.2828998000
       10.2998627000
       10.3133435000
       10.3195145000
       10.3138184000
       10.3006511000
       10.2794301000
       10.2548252000
       10.2316205000
       10.2097494000
       10.1906507000
       10.1682835000
       10.1443554000
       10.1238322000
       10.1004035000
       10.0755050000
       10.0532995000
       10.0348776000
       10.0197812000
       10.0069039000
        9.9943449200
        9.9814430300
        9.9693754900
        9.9590002000
        9.9495135100
        9.9401248400
        9.9307275100
        9.9203031800
        9.9100562300
        9.9100562300
        9.9223287500
        9.9318447200
        9.9401623800
        9.9483131300
        9.9585841200
        9.9691548400
        9.9788180900
        9.9891930900
        9.9993903500
       10.0099954000
       10.0219503000
       10.0372842000
       10.0571807000
       10.0852115000
       10.1188666000
       10.1537255000
       10.1839678000
       10.2092555000
       10.2349688000
       10.2580985000
       10.2818776000
       10.3070336000
       10.3301927000
       10.3507104000
       10.3609145000
       10.3502026000
       10.3299041000
       10.3031133000
       10.2723868000
       10.2429608000
       10.2191088000
       10.1993377000
       10.1775515000
       10.1519716000
       10.1276052000
       10.1007854000
       10.0739285000
       10.0520731000
       10.0345103000
       10.0201641000
       10.0072944000
        9.9937779900
        9.9802098500
        9.9685857700
        9.9589447500
        9.9504169100
        9.9412733800
        9.9313735500
        9.9209026400
        9.9100562300
        9.9100562300
        9.9220301200
        9.9318435000
        9.9403521400
        9.9490039500
        9.9599102700
        9.9707314300
        9.9806502400
        9.9911909300
       10.0021018000
       10.0128167000
       10.0255927000
       10.0412223000
       10.0599439000
       10.0884977000
       10.1236654000
       10.1574948000
       10.1866092000
       10.2128533000
       10.2393403000
       10.2667486000
       10.2974113000
       10.3283453000
       10.3605822000
       10.3931519000
       10.4056856000
       10.3940236000
       10.3656797000
       10.3264508000
       10.2882020000
       10.2540173000
       10.2261981000
       10.2046370000
       10.1829077000
       10.1576656000
       10.1311164000
       10.1006824000
       10.0716373000
       10.0507288000
       10.0337635000
       10.0195495000
       10.0055306000
        9.9913159000
        9.9788670500
        9.9678570500
        9.9583224200
        9.9496619400
        9.9410588300
        9.9317525300
        9.9214434600
        9.9100562300
        9.9100562300
        9.9214557900
        9.9315935200
        9.9404756500
        9.9502558000
        9.9613993500
        9.9723831700
        9.9824607300
        9.9926078700
       10.0039610000
       10.0157221000
       10.0283867000
       10.0435519000
       10.0627225000
       10.0894881000
       10.1218145000
       10.1535015000
       10.1837309000
       10.2100669000
       10.2395990000
       10.2716983000
       10.3065401000
       10.3469494000
       10.3960218000
       10.4294746000
       10.4481374000
       10.4335730000
       10.4032489000
       10.3518623000
       10.3009156000
       10.2631774000
       10.2317426000
       10.2057934000
       10.1830653000
       10.1598282000
       10.1327674000
       10.1003107000
       10.0694866000
       10.0482807000
       10.0309819000
       10.0166036000
       10.0020950000
        9.9881630600
        9.9769350300
        9.9670661600
        9.9575703000
        9.9486546700
        9.9401034900
        9.9312705700
        9.9211735300
        9.9100562300
        9.9100562300
        9.9208860400
        9.9309552300
        9.9408407600
        9.9517270600
        9.9632626400
        9.9734313000
        9.9834611200
        9.9941139100
       10.0047848000
       10.0166823000
       10.0303646000
       10.0452498000
       10.0634455000
       10.0875051000
       10.1173012000
       10.1484106000
       10.1742563000
       10.2017803000
       10.2364688000
       10.2711762000
       10.3081766000
       10.3598084000
       10.4174640000
       10.4566217000
       10.5379793000
       10.4621988000
       10.4260808000
       10.3703901000
       10.3130115000
       10.2693620000
       10.2335734000
       10.2029677000
       10.1798768000
       10.1558783000
       10.1281877000
       10.0984346000
       10.0692389000
       10.0455655000
       10.0272572000
       10.0116104000
        9.9970670300
        9.9850871300
        9.9748509600
        9.9659322800
        9.9568106600
        9.9476429700
        9.9388443300
        9.9296532200
        9.9201231700
        9.9100562300
        9.9100562300
        9.9197482100
        9.9308268500
        9.9416735100
        9.9529518300
        9.9642618200
        9.9741920600
        9.9834740400
        9.9941277700
       10.0057343000
       10.0173785000
       10.0310104000
       10.0466002000
       10.0653645000
       10.0869356000
       10.1104304000
       10.1359001000
       10.1632276000
       10.1912937000
       10.2247507000
       10.2599273000
       10.2997242000
       10.3495961000
       10.4076253000
       10.4491233000
       10.4685088000
       10.4531260000
       10.4192283000
       10.3658985000
       10.3134344000
       10.2701657000
       10.2339054000
       10.1995234000
       10.1733546000
       10.1487646000
       10.1210150000
       10.0929101000
       10.0656908000
       10.0410385000
       10.0211784000
       10.0054064000
        9.9923027700
        9.9815125800
        9.9722991900
        9.9641210500
        9.9549729500
        9.9461663900
        9.9376702600
        9.9287958500
        9.9197191200
        9.9100562300
        9.9100562300
        9.9190605300
        9.9299486800
        9.9419207400
        9.9537754400
        9.9645633000
        9.9740691500
        9.9828699800
        9.9937476200
       10.0061349000
       10.0179061000
       10.0311258000
       10.0471003000
       10.0645282000
       10.0836701000
       10.1041648000
       10.1260373000
       10.1500685000
       10.1769451000
       10.2104593000
       10.2433955000
       10.2809197000
       10.3264583000
       10.3756292000
       10.4201218000
       10.4405869000
       10.4280852000
       10.3948161000
       10.3528262000
       10.3058985000
       10.2619497000
       10.2280360000
       10.1930046000
       10.1632220000
       10.1372566000
       10.1103202000
       10.0830915000
       10.0574301000
       10.0326679000
       10.0133028000
        9.9993250400
        9.9878411800
        9.9777756000
        9.9696013000
        9.9614355300
        9.9522302500
        9.9441596500
        9.9366837500
        9.9283372200
        9.9194913100
        9.9100562300
        9.9100562300
        9.9186533300
        9.9286439100
        9.9407810600
        9.9536317600
        9.9649844200
        9.9740836000
        9.9830890700
        9.9935412900
       10.0050134000
       10.0169685000
       10.0295141000
       10.0439738000
       10.0607616000
       10.0795913000
       10.0978682000
       10.1171241000
       10.1388811000
       10.1612045000
       10.1890647000
       10.2244494000
       10.2584066000
       10.2977124000
       10.3372257000
       10.3737150000
       10.3970866000
       10.3858903000
       10.3606320000
       10.3278383000
       10.2859773000
       10.2448699000
       10.2106062000
       10.1750477000
       10.1485881000
       10.1238401000
       10.0965619000
       10.0699758000
       10.0450442000
       10.0237090000
       10.0071109000
        9.9941687700
        9.9831363600
        9.9742091900
        9.9663262300
        9.9577021500
        9.9490930100
        9.9423055400
        9.9361500400
        9.9284099300
        9.9191244000
        9.9100562300
        9.9100562300
        9.9187427400
        9.9288456400
        9.9400092800
        9.9523283700
        9.9641721500
        9.9742289000
        9.9832100500
        9.9926054600
       10.0035132000
       10.0150951000
       10.0268418000
       10.0401447000
       10.0548521000
       10.0715795000
       10.0890736000
       10.1076065000
       10.1276026000
       10.1484180000
       10.1721920000
       10.1989737000
       10.2301142000
       10.2651374000
       10.2978604000
       10.3257326000
       10.3443346000
       10.3363285000
       10.3172078000
       10.2898754000
       10.2525527000
       10.2226994000
       10.1870252000
       10.1552481000
       10.1321148000
       10.1074758000
       10.0819187000
       10.0565968000
       10.0341367000
       10.0160043000
       10.0007721000
        9.9883354000
        9.9791155200
        9.9706421400
        9.9617564600
        9.9534883600
        9.9464494500
        9.9412206200
        9.9351880500
        9.9275711100
        9.9187502600
        9.9100562300
        9.9100562300
        9.9179095100
        9.9283065000
        9.9392515100
        9.9503727400
        9.9617517200
        9.9728955200
        9.9825889600
        9.9920934400
       10.0020341000
       10.0126136000
       10.0241479000
       10.0367499000
       10.0493625000
       10.0626483000
       10.0778563000
       10.0934777000
       10.1142038000
       10.1345222000
       10.1551095000
       10.1801931000
       10.2069108000
       10.2344194000
       10.2598799000
       10.2805476000
       10.2945474000
       10.2908220000
       10.2755056000
       10.2500774000
       10.2205110000
       10.1929523000
       10.1608279000
       10.1345961000
       10.1130937000
       10.0904091000
       10.0666856000
       10.0439940000
       10.0241111000
       10.0075035000
        9.9935306000
        9.9832557000
        9.9750182100
        9.9658975000
        9.9576355800
        9.9507240500
        9.9449913600
        9.9397600700
        9.9336164800
        9.9266003400
        9.9185646100
        9.9100562300
        9.9100562300
        9.9175707600
        9.9274981100
        9.9382468700
        9.9484822600
        9.9587394400
        9.9696115000
        9.9804764600
        9.9902014200
       10.0002141000
       10.0103704000
       10.0202067000
       10.0314074000
       10.0432925000
       10.0548560000
       10.0679849000
       10.0820716000
       10.0977208000
       10.1166569000
       10.1362467000
       10.1580666000
       10.1827509000
       10.2052418000
       10.2238017000
       10.2355294000
       10.2462562000
       10.2473809000
       10.2324442000
       10.2063095000
       10.1863397000
       10.1608490000
       10.1340862000
       10.1139020000
       10.0930924000
       10.0722614000
       10.0498899000
       10.0297144000
       10.0132980000
        9.9991768700
        9.9874658100
        9.9787603400
        9.9702411500
        9.9621331400
        9.9551652700
        9.9487547300
        9.9432273100
        9.9377727900
        9.9320650100
        9.9253792800
        9.9179399700
        9.9100562300
        9.9100562300
        9.9182795800
        9.9280239600
        9.9374711300
        9.9463476300
        9.9562657200
        9.9669164600
        9.9775233900
        9.9882348000
        9.9982866400
       10.0075685000
       10.0162406000
       10.0249633000
       10.0351939000
       10.0459324000
       10.0576825000
       10.0705471000
       10.0840676000
       10.0993502000
       10.1154236000
       10.1333206000
       10.1515602000
       10.1704422000
       10.1845466000
       10.1925576000
       10.1955364000
       10.1964688000
       10.1855070000
       10.1674649000
       10.1483711000
       10.1277398000
       10.1097503000
       10.0925852000
       10.0733924000
       10.0533374000
       10.0330428000
       10.0175515000
       10.0044655000
        9.9921984000
        9.9825883200
        9.9746505800
        9.9667197900
        9.9594915200
        9.9526039400
        9.9462796100
        9.9407857700
        9.9359704600
        9.9309558700
        9.9243943000
        9.9172407300
        9.9100562300
        9.9100562200
        9.9191017200
        9.9281653800
        9.9361421600
        9.9446329100
        9.9538662200
        9.9633703600
        9.9740651300
        9.9851123700
        9.9959403300
       10.0051646000
       10.0130503000
       10.0200974000
       10.0281447000
       10.0367785000
       10.0459873000
       10.0566367000
       10.0691153000
       10.0826583000
       10.0952859000
       10.1093542000
       10.1228942000
       10.1357411000
       10.1452121000
       10.1512522000
       10.1508373000
       10.1489042000
       10.1410895000
       10.1300396000
       10.1146732000
       10.1000013000
       10.0869993000
       10.0705605000
       10.0525565000
       10.0353757000
       10.0198442000
       10.0080409000
        9.9970024400
        9.9867777700
        9.9782327600
        9.9702335800
        9.9629954400
        9.9565734500
        9.9499862100
        9.9438556400
        9.9384253200
        9.9339947100
        9.9293931000
        9.9232344700
        9.9168076900
        9.9100562200
        9.9100562200
        9.9191570200
        9.9273744200
        9.9352205200
        9.9432849600
        9.9516281600
        9.9599414800
        9.9696634700
        9.9805702600
        9.9918909200
       10.0017773000
       10.0092775000
       10.0157038000
       10.0218996000
       10.0285649000
       10.0358352000
       10.0433499000
       10.0528486000
       10.0643298000
       10.0755906000
       10.0866413000
       10.0981890000
       10.1072855000
       10.1137436000
       10.1156062000
       10.1134246000
       10.1107847000
       10.1056649000
       10.0980791000
       10.0880397000
       10.0767230000
       10.0648111000
       10.0489277000
       10.0348268000
       10.0212261000
       10.0091991000
        9.9993154100
        9.9897670800
        9.9813798700
        9.9728025000
        9.9653086400
        9.9592880700
        9.9535144300
        9.9472661700
        9.9412931300
        9.9360588100
        9.9320344100
        9.9274826100
        9.9221021100
        9.9162843700
        9.9100562200
        9.9100562200
        9.9181537500
        9.9263161200
        9.9342228900
        9.9416997100
        9.9489918900
        9.9569021200
        9.9654820600
        9.9755697000
        9.9868948400
        9.9969222900
       10.0045739000
       10.0109209000
       10.0160005000
       10.0207591000
       10.0262087000
       10.0319809000
       10.0383803000
       10.0459649000
       10.0550001000
       10.0643926000
       10.0738511000
       10.0810205000
       10.0842517000
       10.0838703000
       10.0822970000
       10.0805087000
       10.0765117000
       10.0704665000
       10.0629406000
       10.0544144000
       10.0440402000
       10.0319950000
       10.0208836000
       10.0093796000
        9.9996154900
        9.9912016800
        9.9834379800
        9.9749989100
        9.9673156300
        9.9615320400
        9.9560083800
        9.9502225000
        9.9443906400
        9.9388347300
        9.9340467600
        9.9304279200
        9.9263345900
        9.9213240600
        9.9155991900
        9.9100562200
        9.9100562100
        9.9166667500
        9.9246620900
        9.9330210000
        9.9400444100
        9.9464600000
        9.9536119700
        9.9614467600
        9.9702592200
        9.9811950100
        9.9917815300
        9.9995547500
       10.0057696000
       10.0105137000
       10.0143629000
       10.0179109000
       10.0219230000
       10.0256525000
       10.0308599000
       10.0370896000
       10.0433451000
       10.0505044000
       10.0571144000
       10.0609829000
       10.0617375000
       10.0606798000
       10.0590938000
       10.0547083000
       10.0483900000
       10.0421807000
       10.0352426000
       10.0264699000
       10.0177047000
       10.0086142000
        9.9995312900
        9.9915689100
        9.9844638800
        9.9772039100
        9.9697619400
        9.9640651800
        9.9585323300
        9.9526386100
        9.9471481600
        9.9419487100
        9.9367917000
        9.9326268700
        9.9291152000
        9.9252526800
        9.9207514100
        9.9155081300
        9.9100562100
        9.9100562000
        9.9162722200
        9.9232184100
        9.9306026900
        9.9376536200
        9.9440659600
        9.9500683600
        9.9572560700
        9.9656718700
        9.9753824900
        9.9851782600
        9.9934428400
        9.9996720900
       10.0048041000
       10.0082188000
       10.0110780000
       10.0136913000
       10.0163636000
       10.0195683000
       10.0236850000
       10.0275132000
       10.0324693000
       10.0381944000
       10.0432538000
       10.0458972000
       10.0452822000
       10.0423244000
       10.0379467000
       10.0324342000
       10.0267004000
       10.0196088000
       10.0126791000
       10.0054555000
        9.9980925700
        9.9909705300
        9.9844037000
        9.9783870000
        9.9719251700
        9.9659780200
        9.9607709100
        9.9549602000
        9.9493494300
        9.9444403700
        9.9396161500
        9.9352349100
        9.9312878700
        9.9276339300
        9.9241056900
        9.9202580500
        9.9156847400
        9.9100562000
        9.9100561800
        9.9155046500
        9.9218524100
        9.9286509900
        9.9351295100
        9.9415125800
        9.9472200800
        9.9531719300
        9.9604762600
        9.9689651600
        9.9775599200
        9.9857205100
        9.9920632500
        9.9970800800
       10.0006211000
       10.0032626000
       10.0055663000
       10.0080451000
       10.0099377000
       10.0115653000
       10.0149988000
       10.0187908000
       10.0230336000
       10.0276962000
       10.0303255000
       10.0305315000
       10.0273600000
       10.0240344000
       10.0189912000
       10.0125118000
       10.0064650000
       10.0010039000
        9.9951531600
        9.9894363000
        9.9834292700
        9.9779802900
        9.9727402200
        9.9670862800
        9.9616618800
        9.9566490600
        9.9513963700
        9.9464181700
        9.9417866900
        9.9374578500
        9.9334969200
        9.9300569600
        9.9266719600
        9.9230414500
        9.9192484500
        9.9150619800
        9.9100561800
        9.9100561600
        9.9151586800
        9.9208513400
        9.9267555500
        9.9328029000
        9.9389048400
        9.9444973900
        9.9498308200
        9.9556968600
        9.9625240700
        9.9696102300
        9.9767056400
        9.9833886500
        9.9886178500
        9.9924105200
        9.9946433600
        9.9963615300
        9.9983050400
       10.0000302000
       10.0008361000
       10.0026863000
       10.0058469000
       10.0090857000
       10.0121986000
       10.0139773000
       10.0150512000
       10.0127389000
       10.0093525000
       10.0045100000
        9.9994408400
        9.9951363200
        9.9907947600
        9.9866295100
        9.9820002600
        9.9766508000
        9.9721762900
        9.9672567700
        9.9621384300
        9.9573212700
        9.9528482400
        9.9482960600
        9.9437362600
        9.9390343500
        9.9349172200
        9.9316875400
        9.9285984900
        9.9253855500
        9.9218474900
        9.9181386200
        9.9143645200
        9.9100561600
        9.9100561200
        9.9149346300
        9.9199651800
        9.9254542900
        9.9313859500
        9.9369547300
        9.9416149900
        9.9463710000
        9.9517799300
        9.9576871100
        9.9632778900
        9.9687886900
        9.9744401800
        9.9797237100
        9.9841732900
        9.9866366300
        9.9878733100
        9.9885751000
        9.9893717800
        9.9900618400
        9.9904384000
        9.9920055300
        9.9945799700
        9.9961427800
        9.9977208900
        9.9980716700
        9.9968584600
        9.9931866100
        9.9897528600
        9.9866467700
        9.9839959400
        9.9808892900
        9.9781259100
        9.9741696800
        9.9702291300
        9.9661901500
        9.9617972300
        9.9574760400
        9.9531736200
        9.9490547700
        9.9450642600
        9.9403542800
        9.9359247600
        9.9326347700
        9.9296250700
        9.9267699900
        9.9240562900
        9.9209376800
        9.9173197100
        9.9136366000
        9.9100561200
        9.9100560600
        9.9149723400
        9.9194573100
        9.9244660900
        9.9297362800
        9.9347604400
        9.9393669700
        9.9434468300
        9.9479189900
        9.9531944400
        9.9583193100
        9.9631318200
        9.9675387900
        9.9714268700
        9.9754629400
        9.9779810600
        9.9792180100
        9.9792336900
        9.9789223400
        9.9794116700
        9.9792498200
        9.9796908600
        9.9805345200
        9.9812463700
        9.9827048800
        9.9824143700
        9.9817638500
        9.9787929200
        9.9768807100
        9.9747970700
        9.9737511800
        9.9719308200
        9.9699204500
        9.9669367400
        9.9638607700
        9.9600201900
        9.9563626600
        9.9522386400
        9.9483320700
        9.9449095200
        9.9411432700
        9.9368565900
        9.9332661200
        9.9303173000
        9.9276533800
        9.9252142600
        9.9226177800
        9.9198451100
        9.9164596600
        9.9130146800
        9.9100560600
        9.9100559700
        9.9147095200
        9.9192179400
        9.9234667200
        9.9280685300
        9.9326614600
        9.9369752200
        9.9406828100
        9.9445297400
        9.9488420100
        9.9532965700
        9.9571957500
        9.9611154700
        9.9639109500
        9.9665886200
        9.9692037800
        9.9702624800
        9.9700415200
        9.9692474700
        9.9692977400
        9.9690127700
        9.9683346100
        9.9676438600
        9.9679077500
        9.9685747600
        9.9691380900
        9.9686900300
        9.9671963300
        9.9662070900
        9.9654723400
        9.9649291100
        9.9639847800
        9.9622148000
        9.9599594400
        9.9571973700
        9.9538799300
        9.9503334000
        9.9468641900
        9.9438846400
        9.9409418100
        9.9373079700
        9.9338079600
        9.9308893600
        9.9281504400
        9.9256395500
        9.9232853600
        9.9209299800
        9.9185039400
        9.9155642400
        9.9125527700
        9.9100559700
        9.9100558400
        9.9142227300
        9.9183110100
        9.9222256500
        9.9263851000
        9.9306252200
        9.9344648500
        9.9377662700
        9.9409433100
        9.9445394300
        9.9483279600
        9.9514291200
        9.9541914000
        9.9567031600
        9.9583194600
        9.9604530000
        9.9610249600
        9.9606900600
        9.9601079500
        9.9591703400
        9.9586333200
        9.9576170900
        9.9567739700
        9.9564148300
        9.9563420200
        9.9571911100
        9.9572336500
        9.9573049500
        9.9573190700
        9.9577614600
        9.9573478800
        9.9564434700
        9.9544858000
        9.9523529600
        9.9500034100
        9.9473461500
        9.9447203600
        9.9423290300
        9.9398351800
        9.9368401900
        9.9335954700
        9.9309389600
        9.9285001000
        9.9258008300
        9.9234848100
        9.9214519700
        9.9194163600
        9.9173136600
        9.9149432500
        9.9123323300
        9.9100558400
        9.9100556400
        9.9138004100
        9.9175180000
        9.9210775300
        9.9246102000
        9.9283576300
        9.9317233700
        9.9346128800
        9.9370358900
        9.9398381400
        9.9427867700
        9.9454508700
        9.9473171900
        9.9492664300
        9.9504521900
        9.9514007200
        9.9518575900
        9.9518545300
        9.9514673600
        9.9507725800
        9.9500338600
        9.9494807600
        9.9487992000
        9.9479936000
        9.9472083000
        9.9471988900
        9.9480668200
        9.9492265400
        9.9498942600
        9.9504385300
        9.9503306300
        9.9491271100
        9.9472216500
        9.9450640900
        9.9430090700
        9.9409004800
        9.9391873700
        9.9373796800
        9.9351733900
        9.9326823400
        9.9302966200
        9.9283465800
        9.9260193400
        9.9235879900
        9.9217348200
        9.9200314100
        9.9183131200
        9.9164883900
        9.9143227600
        9.9120627800
        9.9100556400
        9.9100553600
        9.9132284400
        9.9164719000
        9.9195425800
        9.9225822700
        9.9257928000
        9.9286743100
        9.9311986400
        9.9332863100
        9.9352841000
        9.9371537300
        9.9389530600
        9.9403462800
        9.9414957300
        9.9423213300
        9.9427952300
        9.9441406100
        9.9442062100
        9.9441798100
        9.9438855100
        9.9430019800
        9.9422847800
        9.9416138200
        9.9408845200
        9.9402236700
        9.9395978100
        9.9406214900
        9.9418861700
        9.9424044500
        9.9427693500
        9.9424796100
        9.9418758000
        9.9404723800
        9.9388311700
        9.9371538500
        9.9353747700
        9.9340504700
        9.9326905000
        9.9311172500
        9.9292103800
        9.9273190800
        9.9255673300
        9.9236543400
        9.9218189700
        9.9202229200
        9.9187396100
        9.9171524900
        9.9154456800
        9.9135783300
        9.9117369800
        9.9100553600
        9.9100550500
        9.9125953900
        9.9152071600
        9.9179281500
        9.9203851500
        9.9227578200
        9.9250616900
        9.9270413600
        9.9290088200
        9.9304745900
        9.9317741300
        9.9328517200
        9.9334567500
        9.9344371700
        9.9353498500
        9.9356424900
        9.9364571200
        9.9368495600
        9.9369837200
        9.9367072100
        9.9360977000
        9.9352673200
        9.9344756100
        9.9339531400
        9.9338364300
        9.9334690700
        9.9336944300
        9.9343215900
        9.9352063300
        9.9355010000
        9.9350781800
        9.9344454400
        9.9337876200
        9.9330828500
        9.9317219400
        9.9305607300
        9.9295058700
        9.9283917000
        9.9271611500
        9.9255138000
        9.9241351500
        9.9228696900
        9.9214529200
        9.9200191300
        9.9186490900
        9.9173057500
        9.9158414300
        9.9144282500
        9.9128701600
        9.9113710300
        9.9100550500
        9.9100550100
        9.9120097900
        9.9140209000
        9.9160461400
        9.9180047400
        9.9196459000
        9.9213990000
        9.9227894700
        9.9241101100
        9.9251931700
        9.9261285100
        9.9269075500
        9.9274509900
        9.9282441000
        9.9290767600
        9.9294055100
        9.9293269500
        9.9297872000
        9.9294346500
        9.9293750500
        9.9293470000
        9.9286688100
        9.9280084500
        9.9275750700
        9.9272575100
        9.9274927400
        9.9275769700
        9.9280170700
        9.9287410800
        9.9288185200
        9.9284684700
        9.9275876400
        9.9275070300
        9.9273206300
        9.9265143700
        9.9258417000
        9.9251207500
        9.9242327100
        9.9231174800
        9.9220494700
        9.9209952500
        9.9201759800
        9.9191059900
        9.9179241700
        9.9167892000
        9.9156002400
        9.9144710600
        9.9132840200
        9.9120808600
        9.9110046000
        9.9100550100
        9.9100565800
        9.9114269600
        9.9127355500
        9.9139730500
        9.9153358000
        9.9165834300
        9.9177432400
        9.9187690800
        9.9195598500
        9.9202338700
        9.9208375400
        9.9213442200
        9.9220169700
        9.9222898300
        9.9227179300
        9.9231875600
        9.9231501000
        9.9229747500
        9.9226421900
        9.9226678600
        9.9229011400
        9.9227465400
        9.9221165700
        9.9218354000
        9.9214698000
        9.9218188900
        9.9222044800
        9.9223843800
        9.9227150800
        9.9229551700
        9.9223605500
        9.9215576500
        9.9214371300
        9.9216299400
        9.9215648400
        9.9211629400
        9.9207593700
        9.9201345100
        9.9193451100
        9.9186677800
        9.9178742600
        9.9171372800
        9.9162223400
        9.9152987900
        9.9145244100
        9.9137393300
        9.9129245900
        9.9120594500
        9.9112876600
        9.9105848300
        9.9100565800
        9.9100642100
        9.9107591400
        9.9114231200
        9.9119186000
        9.9125001900
        9.9133667100
        9.9139463400
        9.9143772700
        9.9149166300
        9.9151528900
        9.9153995500
        9.9158408800
        9.9163360100
        9.9164474800
        9.9165355500
        9.9166227000
        9.9166950100
        9.9164288400
        9.9162426500
        9.9163669200
        9.9164619300
        9.9166931800
        9.9164290300
        9.9162000300
        9.9161619000
        9.9162339300
        9.9163905900
        9.9163067300
        9.9164318400
        9.9167523300
        9.9161964300
        9.9157923700
        9.9155725100
        9.9159758500
        9.9160266900
        9.9161466000
        9.9159496700
        9.9156168700
        9.9149968900
        9.9144566600
        9.9140933800
        9.9135821300
        9.9130120200
        9.9125554900
        9.9122964400
        9.9118923600
        9.9113697400
        9.9109165500
        9.9105838500
        9.9102918300
        9.9100642100
        9.9100908600
        9.9100642100
        9.9100565800
        9.9100550100
        9.9100550500
        9.9100553600
        9.9100556400
        9.9100558400
        9.9100559700
        9.9100560600
        9.9100561200
        9.9100561600
        9.9100561800
        9.9100562000
        9.9100562100
        9.9100562200
        9.9100562200
        9.9100562200
        9.9100562300
        9.9100562300
        9.9100562300
        9.9100562300
        9.9100562300
        9.9100562300
        9.9100562300
        9.9100562300
        9.9100562300
        9.9100562300
        9.9100562300
        9.9100562300
        9.9100562300
        9.9100562300
        9.9100562300
        9.9100562200
        9.9100562200
        9.9100562200
        9.9100562100
        9.9100562000
        9.9100561800
        9.9100561600
        9.9100561200
        9.9100560600
        9.9100559700
        9.9100558400
        9.9100556400
        9.9100553600
        9.9100550500
        9.9100550100
        9.9100565800
        9.9100642100
        9.9100908600
