        9.9100908600
        9.9100642100
        9.9100565800
        9.9100550100
        9.9100550500
        9.9100553600
        9.9100556400
        9.9100558400
        9.9100559700
        9.9100560600
        9.9100561200
        9.9100561600
        9.9100561800
        9.9100562000
        9.9100562100
        9.9100562200
        9.9100562200
        9.9100562200
        9.9100562300
        9.9100562300
        9.9100562300
        9.9100562300
        9.9100562300
        9.9100562300
        9.9100562300
        9.9100562300
        9.9100562300
        9.9100562300
        9.9100562300
        9.9100562300
        9.9100562300
        9.9100562300
        9.9100562300
        9.9100562200
        9.9100562200
        9.9100562200
        9.9100562100
        9.9100562000
        9.9100561800
        9.9100561600
        9.9100561200
        9.9100560600
        9.9100559700
        9.9100558400
        9.9100556400
        9.9100553600
        9.9100550500
        9.9100550100
        9.9100565800
        9.9100642100
        9.9100908600
        9.9100642100
        9.9103801500
        9.9106771400
        9.9110555200
        9.9114412800
        9.9119332700
        9.9126542400
        9.9136251900
        9.9145629500
        9.9156979300
        9.9166742100
        9.9176003300
        9.9191195800
        9.9203601900
        9.9215898200
        9.9228158400
        9.9246862500
        9.9263517400
        9.9263057200
        9.9261593900
        9.9263347200
        9.9252546500
        9.9256362500
        9.9257251700
        9.9254223900
        9.9249124500
        9.9236269700
        9.9220478000
        9.9209028900
        9.9192566300
        9.9183259000
        9.9173159500
        9.9171263200
        9.9165174100
        9.9160748700
        9.9160438800
        9.9161087500
        9.9155933900
        9.9148436300
        9.9144728500
        9.9136730600
        9.9134068800
        9.9132596100
        9.9131655900
        9.9127351000
        9.9123732600
        9.9117769300
        9.9113145000
        9.9108934300
        9.9104567900
        9.9100642100
        9.9100565800
        9.9106992600
        9.9113542800
        9.9120864200
        9.9128961400
        9.9139182000
        9.9150935100
        9.9166259400
        9.9183911200
        9.9205798500
        9.9226669000
        9.9242100600
        9.9268924900
        9.9291178300
        9.9315284100
        9.9347678000
        9.9375889700
        9.9392805500
        9.9399304600
        9.9400060900
        9.9400911800
        9.9387157600
        9.9392553500
        9.9399763800
        9.9384921900
        9.9380877200
        9.9373385500
        9.9351697800
        9.9332946900
        9.9306694600
        9.9281943200
        9.9268980100
        9.9259333700
        9.9248895000
        9.9243503900
        9.9240208500
        9.9232890300
        9.9225567400
        9.9214909600
        9.9203021000
        9.9187770500
        9.9177281000
        9.9169388200
        9.9164376800
        9.9157016800
        9.9148647200
        9.9139174800
        9.9127720800
        9.9117146000
        9.9108484700
        9.9100565800
        9.9100550100
        9.9109952000
        9.9119724300
        9.9131410300
        9.9144759400
        9.9158927500
        9.9174645800
        9.9194364300
        9.9219989400
        9.9247434900
        9.9275654200
        9.9302384100
        9.9335730800
        9.9368612400
        9.9401922700
        9.9437930600
        9.9466266400
        9.9491100900
        9.9507091800
        9.9517081700
        9.9523697800
        9.9520708200
        9.9518940400
        9.9521611600
        9.9508365300
        9.9499910600
        9.9491464200
        9.9476233600
        9.9454904400
        9.9435027200
        9.9407094600
        9.9385777200
        9.9367130800
        9.9355130900
        9.9348849700
        9.9337328400
        9.9319733700
        9.9302584900
        9.9285757400
        9.9263008800
        9.9242708000
        9.9225325600
        9.9209906300
        9.9196676900
        9.9187094400
        9.9173811100
        9.9160196600
        9.9144267600
        9.9127367400
        9.9112881400
        9.9100550100
        9.9100550500
        9.9112608200
        9.9125978400
        9.9141691900
        9.9158193200
        9.9175789900
        9.9196964700
        9.9224314000
        9.9253669700
        9.9286502400
        9.9319405300
        9.9354309300
        9.9393880400
        9.9431073500
        9.9465024600
        9.9498651800
        9.9530088300
        9.9561067300
        9.9585595800
        9.9606491500
        9.9621914100
        9.9624354100
        9.9619728800
        9.9618971500
        9.9618188500
        9.9605606800
        9.9589283200
        9.9580044600
        9.9569683800
        9.9563565000
        9.9543700200
        9.9518566000
        9.9486183100
        9.9469456000
        9.9464430400
        9.9438559500
        9.9413981600
        9.9383183200
        9.9352545300
        9.9320468500
        9.9293027500
        9.9268822700
        9.9249004600
        9.9228561800
        9.9213094800
        9.9196020600
        9.9176920800
        9.9158065600
        9.9137797300
        9.9117773000
        9.9100550500
        9.9100553600
        9.9115062300
        9.9131412600
        9.9150164300
        9.9171667500
        9.9195230000
        9.9223979100
        9.9255482800
        9.9286830600
        9.9324307400
        9.9358817600
        9.9396966800
        9.9436965400
        9.9474357200
        9.9513038900
        9.9547315600
        9.9581938800
        9.9617731900
        9.9647301500
        9.9672100700
        9.9690690400
        9.9704081100
        9.9706648700
        9.9709583200
        9.9709723700
        9.9698944000
        9.9686953200
        9.9684277700
        9.9689998000
        9.9690200800
        9.9668617800
        9.9646542100
        9.9619057100
        9.9592719500
        9.9575161600
        9.9542818300
        9.9503988600
        9.9468411000
        9.9427617000
        9.9383998100
        9.9343271600
        9.9309473900
        9.9285694600
        9.9261536500
        9.9239799000
        9.9217979400
        9.9192408700
        9.9167256000
        9.9143408000
        9.9120734000
        9.9100553600
        9.9100556400
        9.9116704100
        9.9136218100
        9.9161711100
        9.9190532600
        9.9219711400
        9.9251584900
        9.9284563400
        9.9320420900
        9.9357806300
        9.9392831600
        9.9429938700
        9.9469289700
        9.9513872000
        9.9557606600
        9.9597557800
        9.9636693300
        9.9677043900
        9.9708379400
        9.9736342800
        9.9758812700
        9.9775723800
        9.9785449800
        9.9795274300
        9.9798724500
        9.9789008700
        9.9781971200
        9.9793966700
        9.9806212500
        9.9803219400
        9.9783632300
        9.9761206100
        9.9742460700
        9.9713829600
        9.9677989500
        9.9643101400
        9.9597623800
        9.9554104500
        9.9506198100
        9.9455219800
        9.9402532700
        9.9355537900
        9.9322305300
        9.9294577700
        9.9267554000
        9.9242384500
        9.9210162400
        9.9176927200
        9.9148301400
        9.9123272500
        9.9100556400
        9.9100558400
        9.9119573100
        9.9145180200
        9.9178910100
        9.9212339300
        9.9243348500
        9.9276380600
        9.9311620800
        9.9348055700
        9.9384876500
        9.9420912800
        9.9462427100
        9.9510592200
        9.9563283000
        9.9609513500
        9.9649415300
        9.9698205300
        9.9737906100
        9.9770088900
        9.9803013600
        9.9823460600
        9.9843496200
        9.9861936700
        9.9876840700
        9.9886134200
        9.9885732700
        9.9882818900
        9.9885623600
        9.9895480400
        9.9903539100
        9.9896807800
        9.9873225100
        9.9850390900
        9.9822858000
        9.9780815400
        9.9736175400
        9.9686063500
        9.9634935400
        9.9579717600
        9.9519401200
        9.9459395700
        9.9403475400
        9.9360054400
        9.9327948500
        9.9296312900
        9.9266386700
        9.9231359700
        9.9190611200
        9.9155123900
        9.9126304500
        9.9100558400
        9.9100559700
        9.9126363600
        9.9158358500
        9.9195180400
        9.9231012500
        9.9263161100
        9.9295899700
        9.9332126600
        9.9371147100
        9.9410702600
        9.9454039200
        9.9502749900
        9.9555596400
        9.9614251100
        9.9663028100
        9.9703816400
        9.9753967300
        9.9799284800
        9.9836896200
        9.9870280400
        9.9895775800
        9.9927234300
        9.9950862100
        9.9966348600
        9.9979215200
        9.9984982400
        9.9981783000
        9.9975546600
        9.9982389700
        9.9993819400
        9.9999073600
        9.9981870800
        9.9953330000
        9.9925372800
        9.9886060800
        9.9831874900
        9.9768319600
        9.9702388000
        9.9644054200
        9.9578743900
        9.9514066100
        9.9451861100
        9.9397241900
        9.9357933000
        9.9325171100
        9.9290119900
        9.9251021600
        9.9207591000
        9.9165722900
        9.9130377400
        9.9100559700
        9.9100560600
        9.9132819900
        9.9168361700
        9.9208860600
        9.9248848000
        9.9282678700
        9.9317732800
        9.9355097400
        9.9395215300
        9.9438272700
        9.9489626600
        9.9543356400
        9.9599349500
        9.9664199700
        9.9714686800
        9.9764506200
        9.9817689600
        9.9865847500
        9.9909531200
        9.9945350900
        9.9984162900
       10.0018039000
       10.0045159000
       10.0058955000
       10.0074450000
       10.0096295000
       10.0092324000
       10.0090592000
       10.0097590000
       10.0102671000
       10.0094965000
       10.0082114000
       10.0052839000
       10.0012694000
        9.9974428900
        9.9920479600
        9.9852994200
        9.9772738400
        9.9698949600
        9.9629207900
        9.9560526500
        9.9497076300
        9.9437067300
        9.9388691500
        9.9353324800
        9.9315484200
        9.9271943700
        9.9225099400
        9.9176357900
        9.9133544600
        9.9100560600
        9.9100561200
        9.9138113800
        9.9181594300
        9.9227519300
        9.9268810200
        9.9305427200
        9.9343003500
        9.9379995100
        9.9417627700
        9.9467333400
        9.9525678500
        9.9581681200
        9.9645911600
        9.9712724500
        9.9772541600
        9.9830570000
        9.9890356600
        9.9942669600
        9.9990469800
       10.0034447000
       10.0079054000
       10.0115231000
       10.0144477000
       10.0160788000
       10.0181289000
       10.0203155000
       10.0210375000
       10.0217080000
       10.0234024000
       10.0218251000
       10.0195098000
       10.0171828000
       10.0143535000
       10.0099215000
       10.0055242000
       10.0004113000
        9.9938453500
        9.9850135900
        9.9758519900
        9.9678423200
        9.9606704100
        9.9533880900
        9.9468306800
        9.9416846000
        9.9378271800
        9.9341678300
        9.9293710700
        9.9238830300
        9.9185693300
        9.9137542600
        9.9100561200
        9.9100561600
        9.9146344700
        9.9198958700
        9.9246789500
        9.9290052100
        9.9328635300
        9.9365851500
        9.9402716300
        9.9444586200
        9.9499342200
        9.9560991500
        9.9622229800
        9.9693505900
        9.9777610100
        9.9846775800
        9.9908027300
        9.9971404400
       10.0029965000
       10.0087270000
       10.0140213000
       10.0189034000
       10.0222219000
       10.0250861000
       10.0278539000
       10.0304203000
       10.0318336000
       10.0341982000
       10.0359531000
       10.0361946000
       10.0332337000
       10.0303303000
       10.0279820000
       10.0245580000
       10.0204642000
       10.0161142000
       10.0112919000
       10.0040034000
        9.9941295700
        9.9825385200
        9.9730846500
        9.9649334200
        9.9571035400
        9.9499873300
        9.9444673600
        9.9399470100
        9.9360354100
        9.9312391800
        9.9251241100
        9.9191170800
        9.9142292200
        9.9100561600
        9.9100561800
        9.9155847600
        9.9213988900
        9.9263351400
        9.9307616900
        9.9347421400
        9.9385872500
        9.9424628700
        9.9473281900
        9.9533672900
        9.9596428500
        9.9661312000
        9.9748426400
        9.9849936600
        9.9927160000
        9.9993798900
       10.0074497000
       10.0139881000
       10.0196633000
       10.0254605000
       10.0303958000
       10.0338644000
       10.0366803000
       10.0405080000
       10.0431047000
       10.0446502000
       10.0480781000
       10.0499245000
       10.0474735000
       10.0450324000
       10.0422702000
       10.0388779000
       10.0358051000
       10.0315736000
       10.0275665000
       10.0225234000
       10.0149364000
       10.0047200000
        9.9908582800
        9.9788711200
        9.9693436200
        9.9610701300
        9.9535734700
        9.9475556900
        9.9422097200
        9.9373484100
        9.9323621600
        9.9263275900
        9.9199817600
        9.9146859100
        9.9100561800
        9.9100562000
        9.9164666200
        9.9227139700
        9.9276271800
        9.9322822000
        9.9366479600
        9.9406846500
        9.9448370100
        9.9499619900
        9.9560439100
        9.9623721500
        9.9701556800
        9.9810096600
        9.9918662700
       10.0004826000
       10.0091372000
       10.0176482000
       10.0247513000
       10.0307628000
       10.0370657000
       10.0418758000
       10.0461244000
       10.0494374000
       10.0530311000
       10.0554628000
       10.0585271000
       10.0616853000
       10.0629658000
       10.0599682000
       10.0565715000
       10.0531869000
       10.0498169000
       10.0466023000
       10.0418432000
       10.0356638000
       10.0309077000
       10.0237347000
       10.0131021000
        9.9999203500
        9.9862584100
        9.9747195200
        9.9655114400
        9.9574363600
        9.9506245500
        9.9448958500
        9.9389045900
        9.9330437500
        9.9270661100
        9.9210096400
        9.9153431500
        9.9100562000
        9.9100562100
        9.9171461200
        9.9236489500
        9.9290563700
        9.9341089400
        9.9385588100
        9.9426584200
        9.9468389700
        9.9521278100
        9.9584941600
        9.9658110800
        9.9749352000
        9.9863482900
        9.9977794800
       10.0073344000
       10.0174046000
       10.0265332000
       10.0341492000
       10.0415386000
       10.0479864000
       10.0533573000
       10.0580151000
       10.0628879000
       10.0668193000
       10.0700013000
       10.0736428000
       10.0752928000
       10.0753107000
       10.0734728000
       10.0692127000
       10.0645595000
       10.0604912000
       10.0560284000
       10.0508071000
       10.0440564000
       10.0374542000
       10.0307065000
       10.0195391000
       10.0056741000
        9.9923255000
        9.9806255800
        9.9705680600
        9.9617812200
        9.9539679100
        9.9467625600
        9.9399674400
        9.9336402600
        9.9278083700
        9.9220668100
        9.9160989700
        9.9100562100
        9.9100562200
        9.9176196200
        9.9247340400
        9.9307437100
        9.9360174800
        9.9405690200
        9.9444363400
        9.9487563700
        9.9546005000
        9.9612780100
        9.9695047900
        9.9793186100
        9.9909000700
       10.0033312000
       10.0152558000
       10.0266474000
       10.0362507000
       10.0452073000
       10.0532990000
       10.0594798000
       10.0652526000
       10.0707659000
       10.0764806000
       10.0816266000
       10.0859912000
       10.0897406000
       10.0908645000
       10.0894333000
       10.0872306000
       10.0835283000
       10.0780163000
       10.0709695000
       10.0648066000
       10.0582514000
       10.0514646000
       10.0440810000
       10.0363692000
       10.0253943000
       10.0119579000
        9.9982966300
        9.9860048900
        9.9754650400
        9.9656358700
        9.9576917400
        9.9495304000
        9.9410614900
        9.9340639200
        9.9283573300
        9.9231519800
        9.9168541100
        9.9100562200
        9.9100562200
        9.9179798600
        9.9257929800
        9.9322476800
        9.9375928000
        9.9423041700
        9.9462374900
        9.9511588200
        9.9576402100
        9.9648587400
        9.9735903100
        9.9844570400
        9.9972817900
       10.0103073000
       10.0228831000
       10.0349059000
       10.0470973000
       10.0579283000
       10.0662808000
       10.0734982000
       10.0791773000
       10.0852568000
       10.0917072000
       10.0970681000
       10.1020309000
       10.1059648000
       10.1077393000
       10.1060239000
       10.1025354000
       10.0977120000
       10.0914938000
       10.0830128000
       10.0750449000
       10.0667552000
       10.0585310000
       10.0506010000
       10.0421843000
       10.0306651000
       10.0162264000
       10.0026031000
        9.9915331900
        9.9805226100
        9.9700595100
        9.9607086800
        9.9519314000
        9.9431393900
        9.9354090700
        9.9293080200
        9.9237700500
        9.9174207500
        9.9100562200
        9.9100562200
        9.9182752700
        9.9262796400
        9.9332121700
        9.9391860900
        9.9440451600
        9.9485101900
        9.9544307000
        9.9615764700
        9.9695633900
        9.9786734000
        9.9892648400
       10.0016096000
       10.0147427000
       10.0283016000
       10.0430786000
       10.0581685000
       10.0707643000
       10.0802619000
       10.0884289000
       10.0965364000
       10.1035064000
       10.1105538000
       10.1156382000
       10.1209598000
       10.1258075000
       10.1272014000
       10.1245105000
       10.1189165000
       10.1124340000
       10.1045792000
       10.0959173000
       10.0867523000
       10.0771439000
       10.0671790000
       10.0572745000
       10.0472259000
       10.0359799000
       10.0217579000
       10.0073524000
        9.9952722900
        9.9845512600
        9.9739071300
        9.9638267500
        9.9543103400
        9.9452854900
        9.9372768700
        9.9306383100
        9.9247707300
        9.9178048500
        9.9100562200
        9.9100562300
        9.9192184200
        9.9268745600
        9.9339096000
        9.9404661200
        9.9458420000
        9.9515484400
        9.9580852900
        9.9659287100
        9.9742054800
        9.9829499800
        9.9930271800
       10.0048231000
       10.0184523000
       10.0327170000
       10.0505805000
       10.0691736000
       10.0830259000
       10.0931951000
       10.1039609000
       10.1148563000
       10.1220365000
       10.1292341000
       10.1364198000
       10.1427851000
       10.1470693000
       10.1465252000
       10.1430776000
       10.1363855000
       10.1277097000
       10.1191438000
       10.1094983000
       10.0989854000
       10.0877834000
       10.0763496000
       10.0650905000
       10.0522027000
       10.0391087000
       10.0262063000
       10.0121208000
        9.9987566200
        9.9877528500
        9.9775915200
        9.9672252300
        9.9569817800
        9.9478564800
        9.9397282200
        9.9323795600
        9.9257238900
        9.9182124000
        9.9100562300
        9.9100562300
        9.9195181900
        9.9277515500
        9.9351207200
        9.9414863200
        9.9477373400
        9.9545063900
        9.9618771500
        9.9699058300
        9.9773677600
        9.9857225000
        9.9954853300
       10.0070393000
       10.0221765000
       10.0381894000
       10.0578590000
       10.0782742000
       10.0939589000
       10.1064604000
       10.1191425000
       10.1296502000
       10.1383371000
       10.1465481000
       10.1546180000
       10.1602574000
       10.1624700000
       10.1617171000
       10.1580734000
       10.1521215000
       10.1421608000
       10.1314998000
       10.1212177000
       10.1099451000
       10.0974243000
       10.0845994000
       10.0719930000
       10.0576255000
       10.0419732000
       10.0277251000
       10.0143336000
       10.0011857000
        9.9905903000
        9.9807530300
        9.9701972400
        9.9600216300
        9.9505267800
        9.9421851800
        9.9344683400
        9.9268439400
        9.9184209900
        9.9100562300
        9.9100562300
        9.9197778900
        9.9282323400
        9.9356659300
        9.9423947300
        9.9498063700
        9.9575303800
        9.9647891900
        9.9722979800
        9.9800629300
        9.9885769500
        9.9983032800
       10.0093331000
       10.0248609000
       10.0435432000
       10.0647651000
       10.0862212000
       10.1038988000
       10.1181723000
       10.1315597000
       10.1426755000
       10.1528782000
       10.1620829000
       10.1684153000
       10.1707827000
       10.1708622000
       10.1725272000
       10.1704824000
       10.1631168000
       10.1530904000
       10.1413139000
       10.1295821000
       10.1179471000
       10.1043420000
       10.0906206000
       10.0771911000
       10.0617746000
       10.0448293000
       10.0281533000
       10.0135261000
       10.0020562000
        9.9924354300
        9.9828487100
        9.9728447300
        9.9623431500
        9.9527887000
        9.9443076900
        9.9361096400
        9.9279083100
        9.9189516000
        9.9100562300
        9.9100562300
        9.9201872600
        9.9289037600
        9.9362810700
        9.9431355100
        9.9512287700
        9.9596874100
        9.9669896600
        9.9749546100
        9.9825298100
        9.9908105500
       10.0011936000
       10.0120243000
       10.0270722000
       10.0473983000
       10.0700038000
       10.0925794000
       10.1121622000
       10.1276348000
       10.1418826000
       10.1548268000
       10.1657699000
       10.1726619000
       10.1739275000
       10.1726067000
       10.1711766000
       10.1744336000
       10.1767099000
       10.1733818000
       10.1625155000
       10.1493756000
       10.1367001000
       10.1244823000
       10.1097328000
       10.0944469000
       10.0804610000
       10.0636304000
       10.0452853000
       10.0286391000
       10.0146547000
       10.0033100000
        9.9933781000
        9.9839208300
        9.9734712800
        9.9633184000
        9.9541184300
        9.9457501400
        9.9372365300
        9.9288016900
        9.9193939200
        9.9100562300
        9.9100562300
        9.9208146200
        9.9291320400
        9.9363758300
        9.9435164300
        9.9525129400
        9.9614473900
        9.9695570000
        9.9779614500
        9.9858507600
        9.9939418900
       10.0030970000
       10.0149170000
       10.0298409000
       10.0505447000
       10.0743586000
       10.0975682000
       10.1176056000
       10.1339453000
       10.1500001000
       10.1642813000
       10.1728951000
       10.1749452000
       10.1736839000
       10.1711818000
       10.1687601000
       10.1734449000
       10.1773596000
       10.1784331000
       10.1713089000
       10.1567276000
       10.1428005000
       10.1301826000
       10.1154665000
       10.0989114000
       10.0826269000
       10.0636611000
       10.0441114000
       10.0277949000
       10.0145778000
       10.0039918000
        9.9943745900
        9.9842891800
        9.9729940600
        9.9628530600
        9.9542900600
        9.9467122600
        9.9385898100
        9.9295957800
        9.9200479100
        9.9100562300
        9.9100562300
        9.9207383100
        9.9294380600
        9.9369511700
        9.9446350300
        9.9542916200
        9.9633722900
        9.9717233300
        9.9802541400
        9.9887070900
        9.9965800900
       10.0066124000
       10.0178981000
       10.0316790000
       10.0523260000
       10.0767412000
       10.0994028000
       10.1189057000
       10.1361205000
       10.1532652000
       10.1684681000
       10.1747716000
       10.1742665000
       10.1720522000
       10.1704162000
       10.1700141000
       10.1736150000
       10.1775206000
       10.1796601000
       10.1765437000
       10.1635189000
       10.1473697000
       10.1336310000
       10.1190112000
       10.1024552000
       10.0846718000
       10.0632728000
       10.0423759000
       10.0268932000
       10.0143591000
       10.0038687000
        9.9938263000
        9.9824102800
        9.9720427300
        9.9623678200
        9.9538569600
        9.9460659600
        9.9383294300
        9.9299092600
        9.9205235000
        9.9100562300
        9.9100562300
        9.9204660600
        9.9295749800
        9.9375600400
        9.9463804200
        9.9562273000
        9.9655751100
        9.9737499500
        9.9820043900
        9.9909002000
        9.9995063200
       10.0088029000
       10.0200049000
       10.0340076000
       10.0531033000
       10.0754240000
       10.0966396000
       10.1163993000
       10.1345481000
       10.1531765000
       10.1700497000
       10.1751691000
       10.1740482000
       10.1728960000
       10.1760661000
       10.1796934000
       10.1786616000
       10.1782151000
       10.1805508000
       10.1786765000
       10.1687347000
       10.1506522000
       10.1344499000
       10.1197815000
       10.1040623000
       10.0857174000
       10.0629321000
       10.0408738000
       10.0252547000
       10.0125539000
       10.0017968000
        9.9913492400
        9.9798691600
        9.9702813100
        9.9617464700
        9.9533221700
        9.9452413700
        9.9374920200
        9.9294703700
        9.9202986500
        9.9100562300
        9.9100562300
        9.9201655300
        9.9293812000
        9.9384041800
        9.9482971300
        9.9583743600
        9.9668634100
        9.9752462900
        9.9835453500
        9.9917050700
       10.0006774000
       10.0107517000
       10.0216025000
       10.0349030000
       10.0519771000
       10.0720348000
       10.0928187000
       10.1109332000
       10.1285703000
       10.1504280000
       10.1691716000
       10.1734846000
       10.1737319000
       10.1757574000
       10.1825432000
       10.1906510000
       10.1850829000
       10.1809077000
       10.1817171000
       10.1805118000
       10.1716160000
       10.1515992000
       10.1332193000
       10.1182077000
       10.1019350000
       10.0831938000
       10.0623984000
       10.0413248000
       10.0238456000
       10.0102628000
        9.9985911900
        9.9870755800
        9.9771948700
        9.9684926800
        9.9607391400
        9.9527827000
        9.9444445900
        9.9364110300
        9.9279976400
        9.9192906200
        9.9100562300
        9.9100562300
        9.9193094200
        9.9296367800
        9.9395130600
        9.9497617000
        9.9595119800
        9.9678410000
        9.9753371500
        9.9840926500
        9.9927776000
       10.0014387000
       10.0115139000
       10.0229258000
       10.0365701000
       10.0519148000
       10.0680160000
       10.0851367000
       10.1031120000
       10.1214767000
       10.1428900000
       10.1646658000
       10.1761364000
       10.1803699000
       10.1831590000
       10.1864428000
       10.1878031000
       10.1884410000
       10.1887184000
       10.1886721000
       10.1843978000
       10.1723993000
       10.1512437000
       10.1307084000
       10.1144895000
       10.0977760000
       10.0789853000
       10.0592957000
       10.0395851000
       10.0214023000
       10.0061592000
        9.9939454200
        9.9830975900
        9.9741553000
        9.9661670100
        9.9591652100
        9.9511547600
        9.9430879700
        9.9353410600
        9.9271799600
        9.9188988200
        9.9100562300
        9.9100562300
        9.9187454300
        9.9290176000
        9.9399886000
        9.9505631300
        9.9597765600
        9.9677596600
        9.9749055000
        9.9842338600
        9.9935489700
       10.0021814000
       10.0118723000
       10.0236174000
       10.0363865000
       10.0499573000
       10.0642512000
       10.0790398000
       10.0949133000
       10.1122258000
       10.1334298000
       10.1554886000
       10.1734430000
       10.1841864000
       10.1893142000
       10.1907164000
       10.1876532000
       10.1928372000
       10.1947778000
       10.1931510000
       10.1848021000
       10.1682726000
       10.1476498000
       10.1262497000
       10.1080100000
       10.0910868000
       10.0723881000
       10.0530877000
       10.0343243000
       10.0159115000
       10.0001340000
        9.9888514200
        9.9793380100
        9.9708602700
        9.9637513700
        9.9568126700
        9.9486324700
        9.9411573200
        9.9343478900
        9.9267200100
        9.9186673100
        9.9100562300
        9.9100562300
        9.9183263100
        9.9278010900
        9.9391167800
        9.9507095300
        9.9603253100
        9.9678516200
        9.9753866300
        9.9839549100
        9.9927710600
       10.0016690000
       10.0107930000
       10.0215272000
       10.0338647000
       10.0473651000
       10.0604011000
       10.0735064000
       10.0881661000
       10.1032083000
       10.1205425000
       10.1423021000
       10.1633518000
       10.1803132000
       10.1899872000
       10.1939005000
       10.1926902000
       10.1972434000
       10.1972336000
       10.1916366000
       10.1770471000
       10.1583167000
       10.1377254000
       10.1165193000
       10.0998663000
       10.0829341000
       10.0635528000
       10.0439991000
       10.0251059000
       10.0087027000
        9.9952670500
        9.9847086300
        9.9755188700
        9.9676149200
        9.9609966100
        9.9534539600
        9.9456524300
        9.9393304900
        9.9337382900
        9.9267440200
        9.9183170100
        9.9100562300
        9.9100562300
        9.9184533500
        9.9279507100
        9.9383424700
        9.9495725800
        9.9598067300
        9.9681509200
        9.9753490800
        9.9829707900
        9.9915584100
       10.0001970000
       10.0088162000
       10.0188098000
       10.0297695000
       10.0419514000
       10.0545326000
       10.0673831000
       10.0814532000
       10.0953041000
       10.1110797000
       10.1285693000
       10.1475387000
       10.1670363000
       10.1821239000
       10.1905175000
       10.1937502000
       10.1943281000
       10.1900595000
       10.1793559000
       10.1624902000
       10.1456612000
       10.1245056000
       10.1053307000
       10.0897617000
       10.0723645000
       10.0535943000
       10.0344627000
       10.0167698000
       10.0024161000
        9.9902087000
        9.9796217800
        9.9717548900
        9.9647259500
        9.9569150600
        9.9495202900
        9.9429692900
        9.9382282200
        9.9328092800
        9.9259350100
        9.9179496700
        9.9100562300
        9.9100562300
        9.9175227200
        9.9272359900
        9.9373401100
        9.9474530500
        9.9575938400
        9.9670229600
        9.9748611800
        9.9824856100
        9.9901233800
        9.9982991400
       10.0069366000
       10.0163848000
       10.0258411000
       10.0357538000
       10.0469255000
       10.0580944000
       10.0724067000
       10.0869480000
       10.1009840000
       10.1172598000
       10.1344321000
       10.1505887000
       10.1649173000
       10.1752025000
       10.1815955000
       10.1807861000
       10.1733544000
       10.1593661000
       10.1451609000
       10.1293341000
       10.1091901000
       10.0923251000
       10.0771667000
       10.0605590000
       10.0427998000
       10.0252467000
       10.0095056000
        9.9958050200
        9.9839821000
        9.9749704400
        9.9680762800
        9.9603894500
        9.9529162600
        9.9467401400
        9.9415168900
        9.9368435800
        9.9313229900
        9.9250019800
        9.9177596900
        9.9100562300
        9.9100562300
        9.9170096400
        9.9261914000
        9.9359668400
        9.9452623100
        9.9543229200
        9.9639401900
        9.9729033700
        9.9807367600
        9.9887130000
        9.9964027200
       10.0037231000
       10.0123279000
       10.0211732000
       10.0299486000
       10.0398163000
       10.0503022000
       10.0616721000
       10.0751811000
       10.0887732000
       10.1035535000
       10.1195006000
       10.1339815000
       10.1448642000
       10.1513657000
       10.1561987000
       10.1564181000
       10.1489650000
       10.1360865000
       10.1248072000
       10.1091422000
       10.0918768000
       10.0778418000
       10.0625968000
       10.0471843000
       10.0302191000
       10.0139565000
       10.0001631000
        9.9885381400
        9.9782723400
        9.9709361500
        9.9637121300
        9.9565745100
        9.9504912000
        9.9447658700
        9.9398420300
        9.9349506000
        9.9298281100
        9.9238373600
        9.9171541700
        9.9100562300
        9.9100562300
        9.9175518700
        9.9263897300
        9.9349002400
        9.9429021200
        9.9518430500
        9.9611407500
        9.9701496700
        9.9790003200
        9.9866892300
        9.9938237800
       10.0000664000
       10.0067661000
       10.0146177000
       10.0229258000
       10.0318992000
       10.0417383000
       10.0519278000
       10.0631623000
       10.0748483000
       10.0876178000
       10.1001376000
       10.1123949000
       10.1209441000
       10.1259124000
       10.1274418000
       10.1269622000
       10.1210827000
       10.1120538000
       10.1004723000
       10.0869988000
       10.0747122000
       10.0623998000
       10.0476656000
       10.0327880000
       10.0156718000
       10.0027255000
        9.9921366300
        9.9817708200
        9.9734950400
        9.9668939100
        9.9602311700
        9.9539977000
        9.9480015300
        9.9423834200
        9.9374697600
        9.9331616600
        9.9287121300
        9.9228763600
        9.9164816100
        9.9100562300
        9.9100562200
        9.9181782400
        9.9262825100
        9.9334038100
        9.9410713000
        9.9492585400
        9.9577004500
        9.9669966800
        9.9762319000
        9.9847904700
        9.9916738000
        9.9973393900
       10.0025303000
       10.0089166000
       10.0154557000
       10.0225213000
       10.0307933000
       10.0403943000
       10.0506419000
       10.0600119000
       10.0707202000
       10.0808092000
       10.0901637000
       10.0968163000
       10.1003275000
       10.0997332000
       10.0979939000
       10.0935552000
       10.0873089000
       10.0772943000
       10.0669606000
       10.0579098000
       10.0469577000
       10.0319364000
       10.0177587000
       10.0041091000
        9.9939393000
        9.9849638800
        9.9764618100
        9.9692812500
        9.9626528300
        9.9564577500
        9.9510337400
        9.9453438900
        9.9399896300
        9.9351838500
        9.9312477700
        9.9271862200
        9.9217368400
        9.9160408100
        9.9100562200
        9.9100562200
        9.9181276600
        9.9254084800
        9.9323665300
        9.9395183500
        9.9468837300
        9.9541949900
        9.9627729200
        9.9720186700
        9.9813918300
        9.9887861400
        9.9943131600
        9.9991234500
       10.0038148000
       10.0088461000
       10.0142328000
       10.0199559000
       10.0275269000
       10.0371976000
       10.0454767000
       10.0542107000
       10.0631849000
       10.0704786000
       10.0753563000
       10.0762422000
       10.0745640000
       10.0727995000
       10.0698423000
       10.0652149000
       10.0581402000
       10.0497774000
       10.0410567000
       10.0283094000
       10.0160687000
       10.0047345000
        9.9942732200
        9.9861978300
        9.9780968400
        9.9711663000
        9.9641135100
        9.9577741100
        9.9526854900
        9.9478600700
        9.9425479100
        9.9374204000
        9.9328670200
        9.9293522700
        9.9253698500
        9.9206407900
        9.9155317800
        9.9100562200
        9.9100562200
        9.9171656100
        9.9243322600
        9.9312572900
        9.9377996600
        9.9441917500
        9.9511315100
        9.9585657200
        9.9672679600
        9.9767476900
        9.9845955700
        9.9904821000
        9.9950464500
        9.9985959200
       10.0021014000
       10.0066006000
       10.0110472000
       10.0165514000
       10.0226765000
       10.0299310000
       10.0376015000
       10.0460555000
       10.0518470000
       10.0541249000
       10.0532344000
       10.0518951000
       10.0507251000
       10.0484434000
       10.0447457000
       10.0395016000
       10.0324580000
       10.0243196000
       10.0135716000
       10.0037737000
        9.9937314000
        9.9852312500
        9.9783256300
        9.9720111800
        9.9651714000
        9.9586869300
        9.9539639100
        9.9494024100
        9.9446001700
        9.9396854700
        9.9349815300
        9.9308892500
        9.9277834200
        9.9242391300
        9.9198835200
        9.9148918000
        9.9100562200
        9.9100562100
        9.9158032900
        9.9227591400
        9.9300086100
        9.9360935300
        9.9416364900
        9.9478380800
        9.9545567100
        9.9621538900
        9.9714450100
        9.9799220600
        9.9858234400
        9.9904409500
        9.9938471200
        9.9967801600
        9.9994798900
       10.0026257000
       10.0052722000
       10.0092882000
       10.0143884000
       10.0201232000
       10.0265359000
       10.0325463000
       10.0354894000
       10.0354415000
       10.0341709000
       10.0334644000
       10.0306657000
       10.0262518000
       10.0215465000
       10.0161814000
       10.0086671000
       10.0007888000
        9.9926644300
        9.9846152300
        9.9778089200
        9.9719582400
        9.9661555000
        9.9600944800
        9.9554938100
        9.9510523300
        9.9462427300
        9.9416942800
        9.9373660200
        9.9330318800
        9.9295192900
        9.9265266200
        9.9232056700
        9.9193181900
        9.9147790400
        9.9100562100
        9.9100562000
        9.9154164000
        9.9214030200
        9.9277646700
        9.9338257400
        9.9393075500
        9.9444256700
        9.9505462300
        9.9576620800
        9.9657679400
        9.9738326300
        9.9804213900
        9.9853400100
        9.9891862400
        9.9916424900
        9.9936271300
        9.9954455900
        9.9970409800
        9.9994909300
       10.0029257000
       10.0056552000
       10.0103915000
       10.0159991000
       10.0207018000
       10.0229921000
       10.0222371000
       10.0200766000
       10.0166707000
       10.0123026000
       10.0083022000
       10.0024348000
        9.9962502500
        9.9897476800
        9.9830732600
        9.9768463400
        9.9713465300
        9.9664961600
        9.9613363900
        9.9565939000
        9.9524584400
        9.9478018200
        9.9432537700
        9.9392280000
        9.9352348400
        9.9315812200
        9.9282698900
        9.9251755900
        9.9221565300
        9.9188488900
        9.9149082200
        9.9100562000
        9.9100561800
        9.9147241300
        9.9201604700
        9.9259756300
        9.9314964300
        9.9369095100
        9.9416932500
        9.9466559700
        9.9527264600
        9.9597830800
        9.9669271000
        9.9737002700
        9.9787642800
        9.9828030200
        9.9853972800
        9.9872402700
        9.9886158700
        9.9901002100
        9.9912017300
        9.9922969100
        9.9949567700
        9.9983160900
       10.0026510000
       10.0075785000
       10.0104974000
       10.0102507000
       10.0072570000
       10.0046605000
       10.0008507000
        9.9958503200
        9.9906625400
        9.9858372300
        9.9804752200
        9.9753318100
        9.9701780300
        9.9656889400
        9.9615400800
        9.9570853200
        9.9528076200
        9.9488415100
        9.9446413000
        9.9406402400
        9.9368665200
        9.9332986400
        9.9300102300
        9.9271355000
        9.9242842400
        9.9211978800
        9.9179505400
        9.9143558000
        9.9100561800
        9.9100561600
        9.9144033000
        9.9192511700
        9.9242716600
        9.9293874100
        9.9345082100
        9.9391599000
        9.9435587900
        9.9483752100
        9.9539923200
        9.9598545300
        9.9657429900
        9.9712053000
        9.9754011800
        9.9782464600
        9.9797643100
        9.9808271100
        9.9820302400
        9.9829292300
        9.9831300100
        9.9845709200
        9.9874059900
        9.9906726500
        9.9943668500
        9.9965921700
        9.9975897300
        9.9950111400
        9.9923709100
        9.9885688100
        9.9843193100
        9.9806292300
        9.9768022300
        9.9730084000
        9.9689397800
        9.9644155600
        9.9607762300
        9.9568879600
        9.9528809100
        9.9490974400
        9.9455680700
        9.9419510200
        9.9382912900
        9.9344644800
        9.9310799600
        9.9284062500
        9.9258270200
        9.9231248300
        9.9201291000
        9.9169703800
        9.9137426300
        9.9100561600
        9.9100561200
        9.9141918400
        9.9184551200
        9.9230950200
        9.9280771800
        9.9327235000
        9.9365820600
        9.9404921200
        9.9449060400
        9.9497144100
        9.9542554300
        9.9587545600
        9.9634038500
        9.9677105800
        9.9711894300
        9.9729006500
        9.9735575200
        9.9738057000
        9.9740822000
        9.9743179200
        9.9745086000
        9.9759266500
        9.9784589200
        9.9805049700
        9.9823854400
        9.9829119900
        9.9814495200
        9.9783668600
        9.9757046000
        9.9732500300
        9.9710182000
        9.9682453400
        9.9657637100
        9.9623628000
        9.9590688700
        9.9558310800
        9.9523621100
        9.9489837800
        9.9456126500
        9.9423530100
        9.9391842400
        9.9353986400
        9.9317962800
        9.9290982300
        9.9266095500
        9.9242274900
        9.9219481600
        9.9193140500
        9.9162449000
        9.9131079400
        9.9100561200
        9.9100560600
        9.9142058700
        9.9179884100
        9.9221994700
        9.9266117300
        9.9307968500
        9.9346051000
        9.9379437500
        9.9415860600
        9.9458657500
        9.9500051700
        9.9538979500
        9.9574508900
        9.9605619400
        9.9637584200
        9.9655969400
        9.9663490600
        9.9660578300
        9.9654965700
        9.9656646200
        9.9654187300
        9.9658059400
        9.9667564900
        9.9677427200
        9.9693952100
        9.9692096900
        9.9685561700
        9.9660203100
        9.9645784600
        9.9629630300
        9.9621584300
        9.9605660200
        9.9588434300
        9.9563429300
        9.9538463200
        9.9507805200
        9.9478971200
        9.9446560000
        9.9415888100
        9.9388829700
        9.9358747100
        9.9324251900
        9.9295206900
        9.9271080500
        9.9249052700
        9.9228755500
        9.9206963500
        9.9183580000
        9.9154916100
        9.9125678700
        9.9100560600
        9.9100559700
        9.9139705000
        9.9177606300
        9.9213222400
        9.9251681200
        9.9289852200
        9.9325476000
        9.9355818300
        9.9387081400
        9.9421899200
        9.9457805700
        9.9489055200
        9.9520309700
        9.9542172300
        9.9562924900
        9.9582437300
        9.9589077900
        9.9584997800
        9.9576494900
        9.9575476600
        9.9572263300
        9.9566889600
        9.9562438500
        9.9566620200
        9.9574655600
        9.9579423600
        9.9575620900
        9.9563213200
        9.9556122300
        9.9550829400
        9.9547149100
        9.9539279200
        9.9524622200
        9.9506225000
        9.9484127700
        9.9457793300
        9.9429755800
        9.9402402600
        9.9378996500
        9.9355754900
        9.9326623900
        9.9298430600
        9.9274871900
        9.9252515400
        9.9231779900
        9.9212184200
        9.9192436600
        9.9172001200
        9.9147157700
        9.9121676300
        9.9100559700
        9.9100558400
        9.9135520500
        9.9169824400
        9.9202590500
        9.9237281400
        9.9272469600
        9.9304122800
        9.9331120600
        9.9356883900
        9.9385916300
        9.9416379500
        9.9441006400
        9.9462684100
        9.9482129700
        9.9494197900
        9.9510328900
        9.9513422500
        9.9509003000
        9.9502866300
        9.9494395300
        9.9489453900
        9.9481159600
        9.9474768000
        9.9472758300
        9.9473239500
        9.9480699200
        9.9481288500
        9.9482118800
        9.9482802200
        9.9487037400
        9.9484138000
        9.9477054100
        9.9461269000
        9.9444207100
        9.9425614900
        9.9404648000
        9.9383945600
        9.9365158200
        9.9345529600
        9.9321722900
        9.9295687100
        9.9274301400
        9.9254590000
        9.9232522300
        9.9213408500
        9.9196507900
        9.9179474200
        9.9161792700
        9.9141800600
        9.9119756700
        9.9100558400
        9.9100556400
        9.9131918900
        9.9163055300
        9.9192804700
        9.9222216900
        9.9253273500
        9.9280981300
        9.9304615200
        9.9324245800
        9.9346856600
        9.9370451900
        9.9391503800
        9.9405891500
        9.9420928800
        9.9429648300
        9.9436236400
        9.9438650500
        9.9437511900
        9.9433452300
        9.9427184400
        9.9420852400
        9.9416246400
        9.9410892000
        9.9404787200
        9.9398968000
        9.9399325200
        9.9406700300
        9.9416448100
        9.9422319500
        9.9427244000
        9.9426803000
        9.9417358900
        9.9402133500
        9.9384946300
        9.9368720100
        9.9352124400
        9.9338731900
        9.9324556100
        9.9307137900
        9.9287340000
        9.9268223800
        9.9252537700
        9.9233669900
        9.9213802400
        9.9198537200
        9.9184398300
        9.9170052400
        9.9154735700
        9.9136500300
        9.9117447700
        9.9100556400
        9.9100553600
        9.9127081500
        9.9154211100
        9.9179845700
        9.9205120600
        9.9231695600
        9.9255414100
        9.9276075300
        9.9293003900
        9.9309061100
        9.9323860100
        9.9337922100
        9.9348593900
        9.9357220600
        9.9363159100
        9.9366147300
        9.9376132300
        9.9375840000
        9.9374945000
        9.9372090400
        9.9364688300
        9.9358799600
        9.9353445000
        9.9347776800
        9.9342711900
        9.9337952300
        9.9346542500
        9.9357122800
        9.9361686800
        9.9365006800
        9.9363029500
        9.9358454600
        9.9347351300
        9.9334344700
        9.9321123100
        9.9307087500
        9.9296723300
        9.9286090800
        9.9273708800
        9.9258581900
        9.9243473200
        9.9229347900
        9.9213822300
        9.9198862000
        9.9185733100
        9.9173430800
        9.9160189200
        9.9145878900
        9.9130175600
        9.9114677100
        9.9100553600
        9.9100550500
        9.9121752600
        9.9143571900
        9.9166260300
        9.9186669300
        9.9206290100
        9.9225260700
        9.9241461400
        9.9257476400
        9.9269205100
        9.9279404300
        9.9287678700
        9.9292038800
        9.9299469600
        9.9306317700
        9.9308107800
        9.9314032200
        9.9316570000
        9.9317182600
        9.9314580600
        9.9309452900
        9.9302688500
        9.9296335700
        9.9292231300
        9.9291448600
        9.9288675200
        9.9290735100
        9.9296096600
        9.9303523200
        9.9306179500
        9.9303037200
        9.9298196300
        9.9293126400
        9.9287669900
        9.9276939800
        9.9267839600
        9.9259563100
        9.9250812900
        9.9241147500
        9.9228041100
        9.9217051200
        9.9206872100
        9.9195387300
        9.9183725600
        9.9172467800
        9.9161325300
        9.9149104700
        9.9137265700
        9.9124176400
        9.9111577600
        9.9100550500
        9.9100550100
        9.9116837400
        9.9133617700
        9.9150489400
        9.9166752900
        9.9180308200
        9.9194745700
        9.9206124000
        9.9216848200
        9.9225497700
        9.9232827300
        9.9238778800
        9.9242815400
        9.9248910300
        9.9255245500
        9.9257474000
        9.9256396900
        9.9259685700
        9.9256504100
        9.9255761200
        9.9255363400
        9.9249844600
        9.9244533900
        9.9241100200
        9.9238644100
        9.9240659700
        9.9241511900
        9.9245257000
        9.9251307600
        9.9252148100
        9.9249536600
        9.9242608500
        9.9242152300
        9.9240866600
        9.9234566900
        9.9229340600
        9.9223707200
        9.9216707200
        9.9207872400
        9.9199419200
        9.9191006500
        9.9184463900
        9.9175785600
        9.9166153800
        9.9156838400
        9.9146977000
        9.9137560700
        9.9127618800
        9.9117516500
        9.9108482900
        9.9100550100
        9.9100565800
        9.9111957500
        9.9122863500
        9.9133163400
        9.9144473700
        9.9154789200
        9.9164345400
        9.9172743500
        9.9179142800
        9.9184510300
        9.9189224100
        9.9193095500
        9.9198338000
        9.9200313100
        9.9203508500
        9.9207025700
        9.9206435700
        9.9204745700
        9.9201845600
        9.9201893900
        9.9203655200
        9.9202356800
        9.9197289100
        9.9195056300
        9.9192174500
        9.9195057400
        9.9198267900
        9.9199853500
        9.9202670000
        9.9204752400
        9.9200091700
        9.9193728200
        9.9192884700
        9.9194611000
        9.9194261700
        9.9191162800
        9.9188040000
        9.9183114200
        9.9176850800
        9.9171509200
        9.9165156300
        9.9159215700
        9.9151770000
        9.9144218100
        9.9137860300
        9.9131353000
        9.9124558800
        9.9117316300
        9.9110841700
        9.9104951600
        9.9100565800
        9.9100642100
        9.9106390200
        9.9111913300
        9.9116032300
        9.9120857300
        9.9128036800
        9.9132811300
        9.9136330200
        9.9140720700
        9.9142568700
        9.9144468800
        9.9147945600
        9.9151866200
        9.9152647700
        9.9153222600
        9.9153781000
        9.9154219500
        9.9151934500
        9.9150327100
        9.9151250800
        9.9151959600
        9.9153786000
        9.9151657200
        9.9149830600
        9.9149548600
        9.9150166400
        9.9151486800
        9.9150879100
        9.9151959700
        9.9154627600
        9.9150212100
        9.9147004500
        9.9145283200
        9.9148642300
        9.9149155300
        9.9150227300
        9.9148710900
        9.9146086200
        9.9141109100
        9.9136786200
        9.9133893100
        9.9129740900
        9.9125078100
        9.9121342400
        9.9119231700
        9.9115883300
        9.9111520200
        9.9107726400
        9.9104938400
        9.9102501200
        9.9100642100
        9.9100908600
        9.9100642100
        9.9100565800
        9.9100550100
        9.9100550500
        9.9100553600
        9.9100556400
        9.9100558400
        9.9100559700
        9.9100560600
        9.9100561200
        9.9100561600
        9.9100561800
        9.9100562000
        9.9100562100
        9.9100562200
        9.9100562200
        9.9100562200
        9.9100562300
        9.9100562300
        9.9100562300
        9.9100562300
        9.9100562300
        9.9100562300
        9.9100562300
        9.9100562300
        9.9100562300
        9.9100562300
        9.9100562300
        9.9100562300
        9.9100562300
        9.9100562300
        9.9100562300
        9.9100562200
        9.9100562200
        9.9100562200
        9.9100562100
        9.9100562000
        9.9100561800
        9.9100561600
        9.9100561200
        9.9100560600
        9.9100559700
        9.9100558400
        9.9100556400
        9.9100553600
        9.9100550500
        9.9100550100
        9.9100565800
        9.9100642100
        9.9100908600
