    0.33158413558887E-01
    0.31913690247341E-01
    0.29880598359605E-01
    0.33940207740612E-01
    0.31972913110342E-01
    0.32914555427400E-01
    0.31047047033192E-01
    0.31324791490452E-01
    0.30896174035627E-01
    0.35204121876201E-01
    0.31383271049596E-01
    0.34136813661412E-01
    0.31728395873382E-01
    0.32179121235422E-01
    0.32990185313341E-01
    0.32716717160066E-01
    0.34668340253748E-01
    0.32689467384339E-01
    0.30979158016147E-01
    0.30829196591055E-01
    0.31826379469435E-01
    0.30915511341791E-01
    0.31872601691657E-01
    0.30399951300782E-01
    0.32546533769063E-01
    0.31577733051390E-01
    0.34542547994361E-01
    0.31418685377419E-01
    0.32388418428809E-01
    0.32692729847494E-01
    0.30245766371908E-01
    0.31410800205049E-01
    0.33111146225810E-01
    0.35203551070101E-01
    0.29669128155837E-01
    0.32645723824170E-01
    0.33036184159938E-01
    0.29476895424836E-01
    0.30226684352172E-01
    0.30220047161348E-01
    0.32895254261181E-01
    0.32295691785211E-01
    0.31072860053825E-01
    0.31733216583365E-01
    0.32337788799180E-01
    0.33212526207869E-01
    0.31185806228373E-01
    0.29731086248878E-01
    0.31487653979239E-01
    0.30230468281430E-01
    0.30402944764834E-01
    0.35100463539664E-01
    0.31505272843778E-01
    0.32426370754838E-01
    0.31842207996924E-01
    0.33338383314110E-01
    0.33545932974497E-01
    0.32037913238498E-01
    0.29935012559272E-01
    0.32423419966679E-01
    0.32042078687684E-01
    0.33830613738306E-01
    0.33645721901832E-01
    0.32715954760989E-01
    0.31461895424836E-01
    0.32441592848904E-01
    0.31088579777009E-01
    0.33542803793413E-01
    0.31016165705498E-01
    0.30883955914392E-01
    0.32776520697168E-01
    0.29982484685377E-01
    0.32315819941048E-01
    0.30910134691785E-01
    0.32297184416250E-01
    0.32082952069717E-01
    0.30756384723824E-01
    0.33047327181853E-01
    0.32365614507241E-01
    0.33252589260540E-01
    0.31226198769704E-01
    0.31292042547738E-01
    0.30368631423811E-01
    0.33193796872997E-01
    0.31551004485454E-01
    0.32803792515699E-01
    0.31027695501730E-01
    0.31288300653595E-01
    0.31468675509419E-01
    0.30113984621299E-01
    0.30636367294630E-01
    0.30022955529924E-01
    0.30881803665257E-01
    0.30770354991670E-01
    0.33422712546456E-01
    0.30635965397924E-01
    0.33526932846341E-01
    0.31222398949122E-01
    0.30984680379341E-01
    0.32294690759964E-01
