    0.10155749634756E+01
    0.12503786988338E+01
    0.37485012663078E+01
    0.14998776022043E+01
    0.15644259215686E+01
    0.10294800404973E+01
    0.22731422582340E+01
    0.10145312195310E+01
    0.13609377843137E+01
    0.23853147430476E+01
    0.13544209207997E+01
    0.35768320406254E+01
    0.20730498385236E+01
    0.18669704261182E+01
    0.10843106751250E+01
    0.21969387626554E+01
    0.17227404092016E+01
    0.13968877157504E+01
    0.29212860374215E+00
    0.17099995354351E+01
    0.72593297616302E+00
    0.23014155751634E+01
    0.17211643701141E+01
    0.34100093411509E+01
    0.24467558700500E+01
    0.14461289711649E+01
    0.22739417162630E+01
    0.17332400302448E+01
    0.71877238318596E+00
    0.19121828612072E+01
    0.15363528600538E+01
    0.22733984025375E+01
    0.28532868982443E+01
    0.84392340715111E+00
    0.24624408868384E+01
    0.17113970844547E+01
    0.24320297229271E+01
    0.11172746897347E+01
    0.12416606506472E+01
    0.20715796392413E+01
    0.22147774213764E+01
    0.13812232951429E+01
    0.15717593670383E+01
    0.81268652338845E+00
    0.12452629163142E+01
    0.14949249306677E+01
    0.12844573917724E+01
    0.14127792233756E+01
    0.17035107040882E+01
    0.32514128799180E+01
    0.76727071267463E+00
    0.25290215100603E+01
    0.25754842615661E+01
    0.23190136928105E+01
    0.17705524917340E+01
    0.10022511894143E+01
    0.33543196551327E+01
    0.20685930042291E+01
    0.10679317119057E+01
    0.38677600206331E+01
    0.16810674846854E+01
    0.11803861739075E+01
    0.21307327545816E+01
    0.13698987051134E+01
    0.17268084277842E+01
    0.19510501863386E+01
    0.21367540765090E+01
    0.32919994750737E+01
    0.10711466262976E+01
    0.12110977242086E+01
    0.15491084799436E+01
    0.28979803150071E+01
    0.95481871856979E+00
    0.96870728796618E+00
    0.16217398450596E+01
    0.13959638544150E+01
    0.19803391519928E+01
    0.23220194554659E+01
    0.14159725952839E+01
    0.14567904475202E+01
    0.15111629056773E+01
    0.17398291541715E+01
    0.10463766589773E+01
    0.16105221906959E+01
    0.18595448116109E+01
    0.16321720092272E+01
    0.81362565474819E+00
    0.35695402449058E+01
    0.63773275483789E+00
    0.23089941814687E+01
    0.22269039211842E+01
    0.13452634208638E+01
    0.15835339209278E+01
    0.74063685390236E+00
    0.96783592144049E+00
    0.74148245162118E+00
    0.22535114636678E+01
    0.19050188213508E+01
    0.14510738359605E+01
    0.24259339054210E+01
