        0.0000000000
        0.0000000000
        0.0000000000
        0.0000000000
        0.0000000000
        0.0000000000
        0.0000000000
        0.0000000000
        0.0000000000
        0.0000000000
        0.0000000000
        0.0000000000
        0.0000000000
        0.0000000000
        0.0001000000
        0.0002000000
        0.0005000000
        0.0009000000
        0.0020000000
        0.0026000000
        0.0031000000
        0.0029000000
        0.0028000000
        0.0014000000
        0.0003000000
        0.0000000000
        0.0000000000
        0.0000000000
        0.0000000000
        0.0000000000
        0.0000000000
        0.0000000000
        0.0000000000
        0.0000000000
        0.0000000000
        0.0000000000
        0.0000000000
        0.0000000000
        0.0000000000
        0.0000000000
        0.0000000000
        0.0000000000
        0.0000000000
        0.0000000000
        0.0000000000
        0.0000000000
        0.0000000000
        0.0000000000
        0.0000000000
        0.0000000000
        0.0000000000
        0.0000000000
        0.0000000000
        0.0000000000
        0.0000000000
        0.0000000000
        0.0000000000
        0.0000000000
        0.0000000000
        0.0000000000
        0.0000000000
        0.0000000000
        0.0000000000
        0.0000000000
        0.0001000000
        0.0003000000
        0.0005000000
        0.0010000000
        0.0016000000
        0.0032000000
        0.0041000000
        0.0051000000
        0.0043000000
        0.0041000000
        0.0023000000
        0.0006000000
        0.0000000000
        0.0000000000
        0.0000000000
        0.0000000000
        0.0000000000
        0.0000000000
        0.0000000000
        0.0000000000
        0.0000000000
        0.0000000000
        0.0000000000
        0.0000000000
        0.0000000000
        0.0000000000
        0.0000000000
        0.0000000000
        0.0000000000
        0.0000000000
        0.0000000000
        0.0000000000
        0.0000000000
        0.0000000000
        0.0000000000
        0.0000000000
        0.0000000000
        0.0000000000
        0.0000000000
        0.0000000000
        0.0000000000
        0.0000000000
        0.0000000000
        0.0000000000
        0.0000000000
        0.0000000000
        0.0000000000
        0.0000000000
        0.0000000000
        0.0000000000
        0.0001000000
        0.0002000000
        0.0007000000
        0.0013000000
        0.0025000000
        0.0042000000
        0.0071000000
        0.0085000000
        0.0111000000
        0.0082000000
        0.0078000000
        0.0054000000
        0.0015000000
        0.0001000000
        0.0000000000
        0.0000000000
        0.0000000000
        0.0000000000
        0.0000000000
        0.0000000000
        0.0000000000
        0.0000000000
        0.0000000000
        0.0000000000
        0.0000000000
        0.0000000000
        0.0000000000
        0.0000000000
        0.0000000000
        0.0000000000
        0.0000000000
        0.0000000000
        0.0000000000
        0.0000000000
        0.0000000000
        0.0000000000
        0.0000000000
        0.0000000000
        0.0000000000
        0.0000000000
        0.0000000000
        0.0000000000
        0.0000000000
        0.0000000000
        0.0000000000
        0.0000000000
        0.0000000000
        0.0000000000
        0.0000000000
        0.0000000000
        0.0001000000
        0.0002000000
        0.0006000000
        0.0015000000
        0.0031000000
        0.0058000000
        0.0096000000
        0.0145000000
        0.0172000000
        0.0215000000
        0.0162000000
        0.0144000000
        0.0111000000
        0.0035000000
        0.0004000000
        0.0001000000
        0.0001000000
        0.0000000000
        0.0000000000
        0.0000000000
        0.0000000000
        0.0000000000
        0.0000000000
        0.0000000000
        0.0000000000
        0.0000000000
        0.0000000000
        0.0000000000
        0.0000000000
        0.0000000000
        0.0000000000
        0.0000000000
        0.0000000000
        0.0000000000
        0.0000000000
        0.0000000000
        0.0000000000
        0.0000000000
        0.0000000000
        0.0000000000
        0.0000000000
        0.0000000000
        0.0000000000
        0.0000000000
        0.0000000000
        0.0000000000
        0.0000000000
        0.0000000000
        0.0000000000
        0.0000000000
        0.0000000000
        0.0002000000
        0.0005000000
        0.0013000000
        0.0030000000
        0.0062000000
        0.0116000000
        0.0192000000
        0.0273000000
        0.0323000000
        0.0394000000
        0.0314000000
        0.0258000000
        0.0205000000
        0.0079000000
        0.0013000000
        0.0003000000
        0.0002000000
        0.0001000000
        0.0001000000
        0.0000000000
        0.0000000000
        0.0000000000
        0.0000000000
        0.0000000000
        0.0000000000
        0.0000000000
        0.0000000000
        0.0000000000
        0.0000000000
        0.0000000000
        0.0000000000
        0.0000000000
        0.0000000000
        0.0000000000
        0.0000000000
        0.0000000000
        0.0000000000
        0.0000000000
        0.0000000000
        0.0000000000
        0.0000000000
        0.0000000000
        0.0000000000
        0.0000000000
        0.0000000000
        0.0000000000
        0.0000000000
        0.0000000000
        0.0000000000
        0.0000000000
        0.0001000000
        0.0003000000
        0.0009000000
        0.0025000000
        0.0055000000
        0.0108000000
        0.0197000000
        0.0330000000
        0.0460000000
        0.0553000000
        0.0662000000
        0.0564000000
        0.0438000000
        0.0361000000
        0.0176000000
        0.0035000000
        0.0009000000
        0.0007000000
        0.0004000000
        0.0004000000
        0.0001000000
        0.0000000000
        0.0000000000
        0.0000000000
        0.0000000000
        0.0000000000
        0.0000000000
        0.0000000000
        0.0000000000
        0.0000000000
        0.0000000000
        0.0000000000
        0.0000000000
        0.0000000000
        0.0000000000
        0.0000000000
        0.0000000000
        0.0000000000
        0.0000000000
        0.0000000000
        0.0000000000
        0.0000000000
        0.0000000000
        0.0000000000
        0.0000000000
        0.0000000000
        0.0000000000
        0.0000000000
        0.0000000000
        0.0000000000
        0.0000000000
        0.0001000000
        0.0004000000
        0.0013000000
        0.0038000000
        0.0087000000
        0.0165000000
        0.0291000000
        0.0499000000
        0.0706000000
        0.0849000000
        0.0994000000
        0.0925000000
        0.0725000000
        0.0617000000
        0.0350000000
        0.0083000000
        0.0024000000
        0.0019000000
        0.0015000000
        0.0015000000
        0.0003000000
        0.0001000000
        0.0000000000
        0.0000000000
        0.0000000000
        0.0000000000
        0.0000000000
        0.0000000000
        0.0000000000
        0.0000000000
        0.0000000000
        0.0000000000
        0.0000000000
        0.0000000000
        0.0000000000
        0.0000000000
        0.0000000000
        0.0000000000
        0.0000000000
        0.0000000000
        0.0000000000
        0.0000000000
        0.0000000000
        0.0000000000
        0.0000000000
        0.0000000000
        0.0000000000
        0.0000000000
        0.0000000000
        0.0000000000
        0.0000000000
        0.0001000000
        0.0004000000
        0.0014000000
        0.0046000000
        0.0124000000
        0.0249000000
        0.0414000000
        0.0713000000
        0.1019000000
        0.1270000000
        0.1470000000
        0.1414000000
        0.1137000000
        0.0978000000
        0.0637000000
        0.0184000000
        0.0067000000
        0.0053000000
        0.0045000000
        0.0044000000
        0.0012000000
        0.0005000000
        0.0002000000
        0.0002000000
        0.0001000000
        0.0000000000
        0.0000000000
        0.0000000000
        0.0000000000
        0.0000000000
        0.0000000000
        0.0000000000
        0.0000000000
        0.0000000000
        0.0000000000
        0.0000000000
        0.0000000000
        0.0000000000
        0.0000000000
        0.0000000000
        0.0000000000
        0.0000000000
        0.0000000000
        0.0000000000
        0.0000000000
        0.0000000000
        0.0000000000
        0.0000000000
        0.0000000000
        0.0000000000
        0.0000000000
        0.0001000000
        0.0005000000
        0.0017000000
        0.0054000000
        0.0151000000
        0.0337000000
        0.0594000000
        0.0951000000
        0.1364000000
        0.1793000000
        0.1970000000
        0.2033000000
        0.1728000000
        0.1469000000
        0.1047000000
        0.0412000000
        0.0183000000
        0.0132000000
        0.0117000000
        0.0114000000
        0.0043000000
        0.0018000000
        0.0009000000
        0.0007000000
        0.0003000000
        0.0001000000
        0.0000000000
        0.0000000000
        0.0000000000
        0.0000000000
        0.0000000000
        0.0000000000
        0.0000000000
        0.0000000000
        0.0000000000
        0.0000000000
        0.0000000000
        0.0000000000
        0.0000000000
        0.0000000000
        0.0000000000
        0.0000000000
        0.0000000000
        0.0000000000
        0.0000000000
        0.0000000000
        0.0000000000
        0.0000000000
        0.0000000000
        0.0000000000
        0.0000000000
        0.0001000000
        0.0006000000
        0.0021000000
        0.0064000000
        0.0173000000
        0.0375000000
        0.0726000000
        0.1253000000
        0.1786000000
        0.2364000000
        0.2692000000
        0.2951000000
        0.2598000000
        0.2149000000
        0.1657000000
        0.0825000000
        0.0415000000
        0.0310000000
        0.0285000000
        0.0264000000
        0.0122000000
        0.0062000000
        0.0035000000
        0.0024000000
        0.0012000000
        0.0004000000
        0.0001000000
        0.0000000000
        0.0000000000
        0.0000000000
        0.0000000000
        0.0000000000
        0.0000000000
        0.0000000000
        0.0000000000
        0.0000000000
        0.0000000000
        0.0000000000
        0.0000000000
        0.0000000000
        0.0000000000
        0.0000000000
        0.0000000000
        0.0000000000
        0.0000000000
        0.0000000000
        0.0000000000
        0.0000000000
        0.0000000000
        0.0000000000
        0.0000000000
        0.0001000000
        0.0006000000
        0.0024000000
        0.0080000000
        0.0210000000
        0.0449000000
        0.0834000000
        0.1490000000
        0.2282000000
        0.2977000000
        0.3670000000
        0.3883000000
        0.3730000000
        0.3007000000
        0.2467000000
        0.1532000000
        0.0858000000
        0.0682000000
        0.0654000000
        0.0561000000
        0.0288000000
        0.0171000000
        0.0112000000
        0.0070000000
        0.0035000000
        0.0012000000
        0.0004000000
        0.0001000000
        0.0000000000
        0.0000000000
        0.0000000000
        0.0000000000
        0.0000000000
        0.0000000000
        0.0000000000
        0.0000000000
        0.0000000000
        0.0000000000
        0.0000000000
        0.0000000000
        0.0000000000
        0.0000000000
        0.0000000000
        0.0000000000
        0.0000000000
        0.0000000000
        0.0000000000
        0.0000000000
        0.0000000000
        0.0000000000
        0.0000000000
        0.0001000000
        0.0005000000
        0.0020000000
        0.0077000000
        0.0242000000
        0.0542000000
        0.1007000000
        0.1765000000
        0.2760000000
        0.3762000000
        0.4717000000
        0.5204000000
        0.4982000000
        0.4261000000
        0.3727000000
        0.2358000000
        0.1646000000
        0.1394000000
        0.1383000000
        0.1038000000
        0.0571000000
        0.0388000000
        0.0279000000
        0.0172000000
        0.0090000000
        0.0036000000
        0.0011000000
        0.0002000000
        0.0000000000
        0.0000000000
        0.0000000000
        0.0000000000
        0.0000000000
        0.0000000000
        0.0000000000
        0.0000000000
        0.0000000000
        0.0000000000
        0.0000000000
        0.0000000000
        0.0000000000
        0.0000000000
        0.0000000000
        0.0000000000
        0.0000000000
        0.0000000000
        0.0000000000
        0.0000000000
        0.0000000000
        0.0000000000
        0.0000000000
        0.0002000000
        0.0008000000
        0.0031000000
        0.0104000000
        0.0303000000
        0.0675000000
        0.1192000000
        0.2041000000
        0.3413000000
        0.4824000000
        0.6455000000
        0.6470000000
        0.6354000000
        0.6087000000
        0.5556000000
        0.3562000000
        0.3038000000
        0.2903000000
        0.2510000000
        0.1742000000
        0.1038000000
        0.0819000000
        0.0620000000
        0.0398000000
        0.0228000000
        0.0111000000
        0.0038000000
        0.0009000000
        0.0002000000
        0.0001000000
        0.0000000000
        0.0000000000
        0.0000000000
        0.0000000000
        0.0000000000
        0.0000000000
        0.0000000000
        0.0000000000
        0.0000000000
        0.0000000000
        0.0000000000
        0.0000000000
        0.0000000000
        0.0000000000
        0.0000000000
        0.0000000000
        0.0000000000
        0.0000000000
        0.0000000000
        0.0000000000
        0.0001000000
        0.0003000000
        0.0013000000
        0.0049000000
        0.0158000000
        0.0422000000
        0.0906000000
        0.1726000000
        0.2685000000
        0.3895000000
        0.5873000000
        0.7726000000
        0.8484000000
        0.7688000000
        0.8126000000
        0.7360000000
        0.5140000000
        0.5005000000
        0.5508000000
        0.3586000000
        0.2836000000
        0.1957000000
        0.1523000000
        0.1270000000
        0.0854000000
        0.0544000000
        0.0287000000
        0.0108000000
        0.0033000000
        0.0009000000
        0.0003000000
        0.0001000000
        0.0000000000
        0.0000000000
        0.0000000000
        0.0000000000
        0.0000000000
        0.0000000000
        0.0000000000
        0.0000000000
        0.0000000000
        0.0000000000
        0.0000000000
        0.0000000000
        0.0000000000
        0.0000000000
        0.0000000000
        0.0000000000
        0.0000000000
        0.0000000000
        0.0000000000
        0.0001000000
        0.0006000000
        0.0021000000
        0.0072000000
        0.0216000000
        0.0550000000
        0.1132000000
        0.2197000000
        0.3721000000
        0.4976000000
        0.7291000000
        0.8891000000
        0.9491000000
        0.9289000000
        0.9189000000
        0.8650000000
        0.7616000000
        0.7081000000
        0.7397000000
        0.5697000000
        0.4194000000
        0.2999000000
        0.2786000000
        0.2473000000
        0.1708000000
        0.0979000000
        0.0578000000
        0.0243000000
        0.0090000000
        0.0032000000
        0.0011000000
        0.0003000000
        0.0001000000
        0.0000000000
        0.0000000000
        0.0000000000
        0.0000000000
        0.0000000000
        0.0000000000
        0.0000000000
        0.0000000000
        0.0000000000
        0.0000000000
        0.0000000000
        0.0000000000
        0.0000000000
        0.0000000000
        0.0000000000
        0.0000000000
        0.0000000000
        0.0001000000
        0.0002000000
        0.0008000000
        0.0029000000
        0.0090000000
        0.0246000000
        0.0591000000
        0.1246000000
        0.2398000000
        0.3816000000
        0.5785000000
        0.7688000000
        0.9496000000
        0.9847000000
        0.9900000000
        0.9915000000
        0.9756000000
        0.9356000000
        0.8909000000
        0.8998000000
        0.7726000000
        0.5986000000
        0.4890000000
        0.4738000000
        0.3862000000
        0.2626000000
        0.1672000000
        0.1012000000
        0.0484000000
        0.0208000000
        0.0079000000
        0.0027000000
        0.0009000000
        0.0003000000
        0.0001000000
        0.0000000000
        0.0000000000
        0.0000000000
        0.0000000000
        0.0000000000
        0.0000000000
        0.0000000000
        0.0000000000
        0.0000000000
        0.0000000000
        0.0000000000
        0.0000000000
        0.0000000000
        0.0000000000
        0.0000000000
        0.0001000000
        0.0002000000
        0.0005000000
        0.0014000000
        0.0044000000
        0.0143000000
        0.0400000000
        0.0934000000
        0.1892000000
        0.3331000000
        0.5448000000
        0.7207000000
        0.8381000000
        0.9620000000
        0.9954000000
        0.9971000000
        0.9987000000
        0.9981000000
        0.9961000000
        0.9885000000
        0.9703000000
        0.9068000000
        0.8555000000
        0.8095000000
        0.6348000000
        0.5148000000
        0.3473000000
        0.2513000000
        0.1570000000
        0.0799000000
        0.0367000000
        0.0160000000
        0.0067000000
        0.0025000000
        0.0008000000
        0.0002000000
        0.0001000000
        0.0000000000
        0.0000000000
        0.0000000000
        0.0000000000
        0.0000000000
        0.0000000000
        0.0000000000
        0.0000000000
        0.0000000000
        0.0000000000
        0.0000000000
        0.0000000000
        0.0000000000
        0.0001000000
        0.0002000000
        0.0005000000
        0.0013000000
        0.0034000000
        0.0086000000
        0.0213000000
        0.0502000000
        0.1065000000
        0.2102000000
        0.4133000000
        0.6736000000
        0.8742000000
        0.9633000000
        0.9795000000
        0.9978000000
        0.9997000000
        0.9997000000
        0.9995000000
        0.9986000000
        0.9986000000
        0.9978000000
        0.9868000000
        0.9597000000
        0.9173000000
        0.8058000000
        0.7013000000
        0.4956000000
        0.3540000000
        0.2288000000
        0.1348000000
        0.0666000000
        0.0319000000
        0.0140000000
        0.0053000000
        0.0018000000
        0.0006000000
        0.0002000000
        0.0001000000
        0.0000000000
        0.0000000000
        0.0000000000
        0.0000000000
        0.0000000000
        0.0000000000
        0.0000000000
        0.0000000000
        0.0000000000
        0.0000000000
        0.0000000000
        0.0001000000
        0.0002000000
        0.0006000000
        0.0014000000
        0.0035000000
        0.0083000000
        0.0190000000
        0.0407000000
        0.0812000000
        0.1499000000
        0.2481000000
        0.4784000000
        0.8470000000
        0.9550000000
        0.9844000000
        0.9994000000
        0.9999000000
        1.0000000000
        1.0000000000
        1.0000000000
        1.0000000000
        1.0000000000
        1.0000000000
        0.9960000000
        0.9957000000
        0.9845000000
        0.9445000000
        0.8690000000
        0.6651000000
        0.5230000000
        0.3409000000
        0.2030000000
        0.1219000000
        0.0639000000
        0.0299000000
        0.0128000000
        0.0054000000
        0.0021000000
        0.0008000000
        0.0003000000
        0.0001000000
        0.0000000000
        0.0000000000
        0.0000000000
        0.0000000000
        0.0000000000
        0.0000000000
        0.0000000000
        0.0000000000
        0.0000000000
        0.0001000000
        0.0002000000
        0.0006000000
        0.0015000000
        0.0036000000
        0.0081000000
        0.0167000000
        0.0328000000
        0.0610000000
        0.1112000000
        0.2039000000
        0.3197000000
        0.5477000000
        0.8606000000
        0.9812000000
        0.9981000000
        1.0000000000
        1.0000000000
        1.0000000000
        1.0000000000
        1.0000000000
        1.0000000000
        1.0000000000
        1.0000000000
        1.0000000000
        0.9997000000
        0.9996000000
        0.9968000000
        0.9769000000
        0.8769000000
        0.7106000000
        0.5121000000
        0.3176000000
        0.1984000000
        0.1206000000
        0.0627000000
        0.0322000000
        0.0167000000
        0.0080000000
        0.0037000000
        0.0016000000
        0.0006000000
        0.0002000000
        0.0001000000
        0.0000000000
        0.0000000000
        0.0000000000
        0.0000000000
        0.0000000000
        0.0000000000
        0.0000000000
        0.0001000000
        0.0004000000
        0.0012000000
        0.0029000000
        0.0065000000
        0.0138000000
        0.0274000000
        0.0522000000
        0.0916000000
        0.1500000000
        0.2610000000
        0.4296000000
        0.6712000000
        0.9358000000
        0.9924000000
        0.9998000000
        1.0000000000
        1.0000000000
        1.0000000000
        1.0000000000
        1.0000000000
        1.0000000000
        1.0000000000
        1.0000000000
        1.0000000000
        1.0000000000
        1.0000000000
        0.9998000000
        0.9984000000
        0.9603000000
        0.8977000000
        0.6814000000
        0.4710000000
        0.2881000000
        0.1759000000
        0.1145000000
        0.0751000000
        0.0451000000
        0.0252000000
        0.0126000000
        0.0056000000
        0.0023000000
        0.0008000000
        0.0003000000
        0.0001000000
        0.0000000000
        0.0000000000
        0.0000000000
        0.0000000000
        0.0000000000
        0.0001000000
        0.0002000000
        0.0007000000
        0.0020000000
        0.0049000000
        0.0107000000
        0.0215000000
        0.0383000000
        0.0681000000
        0.1214000000
        0.1868000000
        0.2996000000
        0.4925000000
        0.7222000000
        0.9559000000
        0.9981000000
        0.9999000000
        1.0000000000
        1.0000000000
        1.0000000000
        1.0000000000
        1.0000000000
        1.0000000000
        1.0000000000
        1.0000000000
        1.0000000000
        1.0000000000
        1.0000000000
        1.0000000000
        0.9989000000
        0.9768000000
        0.9421000000
        0.8164000000
        0.5676000000
        0.3915000000
        0.2613000000
        0.1734000000
        0.1085000000
        0.0677000000
        0.0383000000
        0.0202000000
        0.0095000000
        0.0040000000
        0.0015000000
        0.0005000000
        0.0002000000
        0.0001000000
        0.0000000000
        0.0000000000
        0.0000000000
        0.0000000000
        0.0001000000
        0.0002000000
        0.0006000000
        0.0019000000
        0.0052000000
        0.0131000000
        0.0286000000
        0.0533000000
        0.0883000000
        0.1402000000
        0.2266000000
        0.3528000000
        0.5774000000
        0.8214000000
        0.9848000000
        0.9996000000
        1.0000000000
        1.0000000000
        1.0000000000
        1.0000000000
        1.0000000000
        1.0000000000
        1.0000000000
        1.0000000000
        1.0000000000
        1.0000000000
        1.0000000000
        1.0000000000
        1.0000000000
        0.9999000000
        0.9918000000
        0.9399000000
        0.7899000000
        0.5501000000
        0.3952000000
        0.2759000000
        0.1971000000
        0.1327000000
        0.0849000000
        0.0473000000
        0.0242000000
        0.0118000000
        0.0054000000
        0.0023000000
        0.0008000000
        0.0002000000
        0.0001000000
        0.0000000000
        0.0000000000
        0.0000000000
        0.0001000000
        0.0002000000
        0.0005000000
        0.0014000000
        0.0036000000
        0.0085000000
        0.0186000000
        0.0384000000
        0.0708000000
        0.1120000000
        0.1876000000
        0.2769000000
        0.4021000000
        0.6573000000
        0.9150000000
        0.9959000000
        0.9999000000
        1.0000000000
        1.0000000000
        1.0000000000
        1.0000000000
        1.0000000000
        1.0000000000
        1.0000000000
        1.0000000000
        1.0000000000
        1.0000000000
        1.0000000000
        1.0000000000
        1.0000000000
        1.0000000000
        0.9956000000
        0.9508000000
        0.7857000000
        0.5275000000
        0.3903000000
        0.2835000000
        0.1930000000
        0.1248000000
        0.0691000000
        0.0373000000
        0.0180000000
        0.0078000000
        0.0032000000
        0.0012000000
        0.0004000000
        0.0001000000
        0.0000000000
        0.0000000000
        0.0000000000
        0.0001000000
        0.0002000000
        0.0005000000
        0.0013000000
        0.0032000000
        0.0073000000
        0.0160000000
        0.0309000000
        0.0568000000
        0.1027000000
        0.1628000000
        0.2377000000
        0.3581000000
        0.5140000000
        0.7531000000
        0.9381000000
        0.9922000000
        1.0000000000
        1.0000000000
        1.0000000000
        1.0000000000
        1.0000000000
        1.0000000000
        1.0000000000
        1.0000000000
        1.0000000000
        1.0000000000
        1.0000000000
        1.0000000000
        1.0000000000
        1.0000000000
        0.9999000000
        0.9985000000
        0.9615000000
        0.7683000000
        0.4677000000
        0.3395000000
        0.2466000000
        0.1682000000
        0.1138000000
        0.0653000000
        0.0352000000
        0.0176000000
        0.0080000000
        0.0033000000
        0.0013000000
        0.0005000000
        0.0002000000
        0.0000000000
        0.0000000000
        0.0001000000
        0.0002000000
        0.0005000000
        0.0014000000
        0.0034000000
        0.0077000000
        0.0159000000
        0.0306000000
        0.0558000000
        0.0891000000
        0.1352000000
        0.2051000000
        0.3000000000
        0.3872000000
        0.5235000000
        0.7171000000
        0.9387000000
        0.9990000000
        0.9997000000
        1.0000000000
        1.0000000000
        1.0000000000
        1.0000000000
        1.0000000000
        1.0000000000
        1.0000000000
        1.0000000000
        1.0000000000
        1.0000000000
        1.0000000000
        1.0000000000
        0.9999000000
        0.9998000000
        0.9978000000
        0.9602000000
        0.8150000000
        0.5818000000
        0.3860000000
        0.2626000000
        0.1717000000
        0.1039000000
        0.0615000000
        0.0338000000
        0.0168000000
        0.0075000000
        0.0029000000
        0.0010000000
        0.0003000000
        0.0001000000
        0.0000000000
        0.0000000000
        0.0001000000
        0.0003000000
        0.0008000000
        0.0020000000
        0.0049000000
        0.0111000000
        0.0228000000
        0.0423000000
        0.0704000000
        0.1154000000
        0.1721000000
        0.2484000000
        0.3606000000
        0.4956000000
        0.7099000000
        0.8730000000
        0.9733000000
        0.9960000000
        0.9997000000
        1.0000000000
        1.0000000000
        1.0000000000
        1.0000000000
        1.0000000000
        1.0000000000
        1.0000000000
        1.0000000000
        1.0000000000
        1.0000000000
        1.0000000000
        1.0000000000
        0.9995000000
        0.9981000000
        0.9954000000
        0.9308000000
        0.7813000000
        0.5664000000
        0.3746000000
        0.2398000000
        0.1542000000
        0.0916000000
        0.0534000000
        0.0285000000
        0.0140000000
        0.0061000000
        0.0023000000
        0.0008000000
        0.0002000000
        0.0001000000
        0.0000000000
        0.0000000000
        0.0002000000
        0.0003000000
        0.0009000000
        0.0024000000
        0.0053000000
        0.0109000000
        0.0211000000
        0.0390000000
        0.0679000000
        0.1233000000
        0.1989000000
        0.2979000000
        0.4344000000
        0.6319000000
        0.7710000000
        0.9176000000
        0.9785000000
        0.9953000000
        0.9989000000
        0.9998000000
        1.0000000000
        1.0000000000
        1.0000000000
        1.0000000000
        1.0000000000
        1.0000000000
        1.0000000000
        1.0000000000
        1.0000000000
        1.0000000000
        1.0000000000
        0.9981000000
        0.9748000000
        0.9230000000
        0.8263000000
        0.6092000000
        0.4588000000
        0.2909000000
        0.1767000000
        0.1170000000
        0.0728000000
        0.0426000000
        0.0228000000
        0.0111000000
        0.0047000000
        0.0018000000
        0.0006000000
        0.0002000000
        0.0001000000
        0.0000000000
        0.0000000000
        0.0002000000
        0.0003000000
        0.0008000000
        0.0021000000
        0.0051000000
        0.0115000000
        0.0226000000
        0.0416000000
        0.0731000000
        0.1197000000
        0.1853000000
        0.2785000000
        0.3820000000
        0.5286000000
        0.7060000000
        0.9091000000
        0.9600000000
        0.9884000000
        0.9984000000
        0.9977000000
        0.9984000000
        0.9999000000
        1.0000000000
        1.0000000000
        1.0000000000
        1.0000000000
        1.0000000000
        1.0000000000
        0.9999000000
        0.9934000000
        0.9954000000
        0.9667000000
        0.9210000000
        0.8453000000
        0.6568000000
        0.4757000000
        0.3464000000
        0.2454000000
        0.1605000000
        0.1030000000
        0.0611000000
        0.0326000000
        0.0170000000
        0.0080000000
        0.0033000000
        0.0012000000
        0.0004000000
        0.0001000000
        0.0000000000
        0.0000000000
        0.0000000000
        0.0001000000
        0.0002000000
        0.0007000000
        0.0018000000
        0.0044000000
        0.0101000000
        0.0206000000
        0.0375000000
        0.0615000000
        0.0972000000
        0.1503000000
        0.2168000000
        0.2924000000
        0.4127000000
        0.5497000000
        0.7636000000
        0.8703000000
        0.9751000000
        0.9807000000
        0.9940000000
        0.9987000000
        0.9993000000
        0.9995000000
        0.9999000000
        1.0000000000
        0.9999000000
        1.0000000000
        0.9999000000
        0.9967000000
        0.9907000000
        0.9173000000
        0.7923000000
        0.7654000000
        0.6071000000
        0.4549000000
        0.3325000000
        0.2388000000
        0.1817000000
        0.1294000000
        0.0836000000
        0.0513000000
        0.0285000000
        0.0137000000
        0.0061000000
        0.0024000000
        0.0009000000
        0.0003000000
        0.0001000000
        0.0000000000
        0.0000000000
        0.0000000000
        0.0000000000
        0.0001000000
        0.0002000000
        0.0007000000
        0.0020000000
        0.0050000000
        0.0111000000
        0.0226000000
        0.0419000000
        0.0712000000
        0.1098000000
        0.1694000000
        0.2559000000
        0.3798000000
        0.4939000000
        0.6357000000
        0.7225000000
        0.7699000000
        0.9377000000
        0.9732000000
        0.9792000000
        0.9916000000
        0.9916000000
        0.9967000000
        0.9958000000
        0.9936000000
        0.9987000000
        0.9972000000
        0.9509000000
        0.9335000000
        0.7828000000
        0.5624000000
        0.5267000000
        0.4077000000
        0.2872000000
        0.2030000000
        0.1437000000
        0.1010000000
        0.0726000000
        0.0495000000
        0.0325000000
        0.0190000000
        0.0096000000
        0.0046000000
        0.0020000000
        0.0008000000
        0.0003000000
        0.0001000000
        0.0000000000
        0.0000000000
        0.0000000000
        0.0000000000
        0.0000000000
        0.0001000000
        0.0003000000
        0.0008000000
        0.0020000000
        0.0046000000
        0.0098000000
        0.0195000000
        0.0368000000
        0.0686000000
        0.1177000000
        0.1832000000
        0.2857000000
        0.3800000000
        0.4555000000
        0.5622000000
        0.6444000000
        0.7568000000
        0.7818000000
        0.8082000000
        0.8288000000
        0.9129000000
        0.9528000000
        0.9602000000
        0.8879000000
        0.9291000000
        0.9253000000
        0.8928000000
        0.7398000000
        0.5032000000
        0.3894000000
        0.3074000000
        0.2411000000
        0.1726000000
        0.1163000000
        0.0784000000
        0.0538000000
        0.0354000000
        0.0240000000
        0.0153000000
        0.0093000000
        0.0052000000
        0.0027000000
        0.0013000000
        0.0005000000
        0.0002000000
        0.0001000000
        0.0000000000
        0.0000000000
        0.0000000000
        0.0000000000
        0.0000000000
        0.0000000000
        0.0001000000
        0.0004000000
        0.0012000000
        0.0030000000
        0.0071000000
        0.0153000000
        0.0308000000
        0.0553000000
        0.0944000000
        0.1407000000
        0.1995000000
        0.2451000000
        0.3122000000
        0.3866000000
        0.4529000000
        0.4899000000
        0.5136000000
        0.5159000000
        0.5410000000
        0.6077000000
        0.6944000000
        0.7813000000
        0.6607000000
        0.6682000000
        0.6520000000
        0.6744000000
        0.5176000000
        0.3290000000
        0.2233000000
        0.1618000000
        0.1327000000
        0.0914000000
        0.0657000000
        0.0432000000
        0.0261000000
        0.0156000000
        0.0100000000
        0.0060000000
        0.0033000000
        0.0018000000
        0.0009000000
        0.0005000000
        0.0002000000
        0.0001000000
        0.0000000000
        0.0000000000
        0.0000000000
        0.0000000000
        0.0000000000
        0.0000000000
        0.0000000000
        0.0001000000
        0.0002000000
        0.0006000000
        0.0017000000
        0.0041000000
        0.0094000000
        0.0194000000
        0.0370000000
        0.0636000000
        0.0944000000
        0.1233000000
        0.1583000000
        0.1953000000
        0.2238000000
        0.2500000000
        0.2765000000
        0.2806000000
        0.2664000000
        0.3150000000
        0.3760000000
        0.5003000000
        0.5524000000
        0.4258000000
        0.4152000000
        0.4150000000
        0.4296000000
        0.3610000000
        0.2353000000
        0.1362000000
        0.0715000000
        0.0584000000
        0.0402000000
        0.0295000000
        0.0199000000
        0.0112000000
        0.0058000000
        0.0033000000
        0.0018000000
        0.0010000000
        0.0005000000
        0.0002000000
        0.0001000000
        0.0001000000
        0.0000000000
        0.0000000000
        0.0000000000
        0.0000000000
        0.0000000000
        0.0000000000
        0.0000000000
        0.0000000000
        0.0000000000
        0.0001000000
        0.0003000000
        0.0007000000
        0.0018000000
        0.0041000000
        0.0086000000
        0.0174000000
        0.0306000000
        0.0462000000
        0.0658000000
        0.0918000000
        0.1193000000
        0.1353000000
        0.1407000000
        0.1313000000
        0.1409000000
        0.1334000000
        0.1710000000
        0.2047000000
        0.2776000000
        0.3203000000
        0.2562000000
        0.2336000000
        0.2330000000
        0.2400000000
        0.2201000000
        0.1487000000
        0.0791000000
        0.0373000000
        0.0243000000
        0.0149000000
        0.0104000000
        0.0066000000
        0.0037000000
        0.0018000000
        0.0009000000
        0.0005000000
        0.0003000000
        0.0001000000
        0.0000000000
        0.0000000000
        0.0000000000
        0.0000000000
        0.0000000000
        0.0000000000
        0.0000000000
        0.0000000000
        0.0000000000
        0.0000000000
        0.0000000000
        0.0000000000
        0.0000000000
        0.0001000000
        0.0002000000
        0.0006000000
        0.0014000000
        0.0029000000
        0.0061000000
        0.0111000000
        0.0199000000
        0.0344000000
        0.0520000000
        0.0636000000
        0.0716000000
        0.0643000000
        0.0583000000
        0.0630000000
        0.0586000000
        0.0731000000
        0.0941000000
        0.1450000000
        0.1863000000
        0.1455000000
        0.1258000000
        0.1230000000
        0.1242000000
        0.1140000000
        0.0829000000
        0.0405000000
        0.0171000000
        0.0085000000
        0.0045000000
        0.0031000000
        0.0018000000
        0.0010000000
        0.0005000000
        0.0002000000
        0.0001000000
        0.0001000000
        0.0000000000
        0.0000000000
        0.0000000000
        0.0000000000
        0.0000000000
        0.0000000000
        0.0000000000
        0.0000000000
        0.0000000000
        0.0000000000
        0.0000000000
        0.0000000000
        0.0000000000
        0.0000000000
        0.0000000000
        0.0001000000
        0.0001000000
        0.0003000000
        0.0007000000
        0.0017000000
        0.0039000000
        0.0084000000
        0.0164000000
        0.0251000000
        0.0303000000
        0.0330000000
        0.0273000000
        0.0244000000
        0.0261000000
        0.0220000000
        0.0284000000
        0.0387000000
        0.0696000000
        0.1079000000
        0.0848000000
        0.0619000000
        0.0592000000
        0.0599000000
        0.0575000000
        0.0417000000
        0.0196000000
        0.0071000000
        0.0026000000
        0.0011000000
        0.0008000000
        0.0004000000
        0.0002000000
        0.0001000000
        0.0000000000
        0.0000000000
        0.0000000000
        0.0000000000
        0.0000000000
        0.0000000000
        0.0000000000
        0.0000000000
        0.0000000000
        0.0000000000
        0.0000000000
        0.0000000000
        0.0000000000
        0.0000000000
        0.0000000000
        0.0000000000
        0.0000000000
        0.0000000000
        0.0000000000
        0.0000000000
        0.0001000000
        0.0001000000
        0.0005000000
        0.0012000000
        0.0030000000
        0.0063000000
        0.0101000000
        0.0125000000
        0.0129000000
        0.0106000000
        0.0087000000
        0.0085000000
        0.0072000000
        0.0095000000
        0.0141000000
        0.0297000000
        0.0524000000
        0.0413000000
        0.0250000000
        0.0235000000
        0.0256000000
        0.0242000000
        0.0181000000
        0.0084000000
        0.0028000000
        0.0008000000
        0.0003000000
        0.0001000000
        0.0001000000
        0.0000000000
        0.0000000000
        0.0000000000
        0.0000000000
        0.0000000000
        0.0000000000
        0.0000000000
        0.0000000000
        0.0000000000
        0.0000000000
        0.0000000000
        0.0000000000
        0.0000000000
        0.0000000000
        0.0000000000
        0.0000000000
        0.0000000000
        0.0000000000
        0.0000000000
        0.0000000000
        0.0000000000
        0.0000000000
        0.0000000000
        0.0000000000
        0.0001000000
        0.0003000000
        0.0009000000
        0.0020000000
        0.0035000000
        0.0043000000
        0.0044000000
        0.0036000000
        0.0026000000
        0.0024000000
        0.0021000000
        0.0027000000
        0.0044000000
        0.0104000000
        0.0201000000
        0.0168000000
        0.0089000000
        0.0075000000
        0.0089000000
        0.0085000000
        0.0068000000
        0.0031000000
        0.0010000000
        0.0003000000
        0.0001000000
        0.0000000000
        0.0000000000
        0.0000000000
        0.0000000000
        0.0000000000
        0.0000000000
        0.0000000000
        0.0000000000
        0.0000000000
        0.0000000000
        0.0000000000
        0.0000000000
        0.0000000000
        0.0000000000
        0.0000000000
        0.0000000000
        0.0000000000
        0.0000000000
        0.0000000000
        0.0000000000
        0.0000000000
        0.0000000000
        0.0000000000
        0.0000000000
        0.0000000000
        0.0000000000
        0.0000000000
        0.0001000000
        0.0002000000
        0.0005000000
        0.0010000000
        0.0013000000
        0.0014000000
        0.0010000000
        0.0007000000
        0.0006000000
        0.0005000000
        0.0007000000
        0.0011000000
        0.0028000000
        0.0063000000
        0.0052000000
        0.0027000000
        0.0018000000
        0.0025000000
        0.0025000000
        0.0022000000
        0.0010000000
        0.0003000000
        0.0001000000
        0.0000000000
        0.0000000000
        0.0000000000
        0.0000000000
        0.0000000000
        0.0000000000
        0.0000000000
        0.0000000000
        0.0000000000
        0.0000000000
        0.0000000000
        0.0000000000
        0.0000000000
        0.0000000000
        0.0000000000
        0.0000000000
        0.0000000000
        0.0000000000
        0.0000000000
        0.0000000000
        0.0000000000
        0.0000000000
        0.0000000000
        0.0000000000
        0.0000000000
        0.0000000000
        0.0000000000
        0.0000000000
        0.0000000000
        0.0001000000
        0.0001000000
        0.0003000000
        0.0004000000
        0.0004000000
        0.0003000000
        0.0002000000
        0.0002000000
        0.0001000000
        0.0001000000
        0.0002000000
        0.0006000000
        0.0017000000
        0.0012000000
        0.0007000000
        0.0004000000
        0.0006000000
        0.0006000000
        0.0006000000
        0.0003000000
        0.0001000000
        0.0000000000
        0.0000000000
        0.0000000000
        0.0000000000
        0.0000000000
        0.0000000000
        0.0000000000
        0.0000000000
        0.0000000000
        0.0000000000
        0.0000000000
        0.0000000000
        0.0000000000
        0.0000000000
        0.0000000000
        0.0000000000
        0.0000000000
        0.0000000000
        0.0000000000
        0.0000000000
        0.0000000000
        0.0000000000
        0.0000000000
        0.0000000000
        0.0000000000
        0.0000000000
        0.0000000000
        0.0000000000
        0.0000000000
        0.0000000000
        0.0000000000
        0.0000000000
        0.0001000000
        0.0001000000
        0.0001000000
        0.0001000000
        0.0000000000
        0.0000000000
        0.0000000000
        0.0000000000
        0.0000000000
        0.0001000000
        0.0004000000
        0.0002000000
        0.0001000000
        0.0001000000
        0.0001000000
        0.0001000000
        0.0001000000
        0.0001000000
        0.0000000000
        0.0000000000
        0.0000000000
        0.0000000000
        0.0000000000
        0.0000000000
        0.0000000000
        0.0000000000
        0.0000000000
        0.0000000000
        0.0000000000
        0.0000000000
        0.0000000000
        0.0000000000
        0.0000000000
        0.0000000000
        0.0000000000
        0.0000000000
        0.0000000000
        0.0000000000
        0.0000000000
        0.0000000000
        0.0000000000
        0.0000000000
        0.0000000000
        0.0000000000
        0.0000000000
        0.0000000000
        0.0000000000
        0.0000000000
        0.0000000000
        0.0000000000
        0.0000000000
        0.0000000000
        0.0000000000
        0.0000000000
        0.0000000000
        0.0000000000
        0.0000000000
        0.0000000000
        0.0000000000
        0.0000000000
        0.0000000000
        0.0001000000
        0.0000000000
        0.0000000000
        0.0000000000
        0.0000000000
        0.0000000000
        0.0000000000
        0.0000000000
        0.0000000000
        0.0000000000
        0.0000000000
        0.0000000000
        0.0000000000
        0.0000000000
        0.0000000000
        0.0000000000
        0.0000000000
        0.0000000000
        0.0000000000
        0.0000000000
        0.0000000000
        0.0000000000
        0.0000000000
        0.0000000000
        0.0000000000
        0.0000000000
        0.0000000000
        0.0000000000
        0.0000000000
        0.0000000000
        0.0000000000
        0.0000000000
        0.0000000000
        0.0000000000
        0.0000000000
        0.0000000000
        0.0000000000
        0.0000000000
        0.0000000000
        0.0000000000
        0.0000000000
        0.0000000000
        0.0000000000
        0.0000000000
        0.0000000000
        0.0000000000
        0.0000000000
        0.0000000000
        0.0000000000
        0.0000000000
        0.0000000000
        0.0000000000
        0.0000000000
        0.0000000000
        0.0000000000
        0.0000000000
        0.0000000000
        0.0000000000
        0.0000000000
        0.0000000000
        0.0000000000
        0.0000000000
        0.0000000000
        0.0000000000
        0.0000000000
        0.0000000000
        0.0000000000
        0.0000000000
        0.0000000000
        0.0000000000
        0.0000000000
        0.0000000000
        0.0000000000
        0.0000000000
        0.0000000000
        0.0000000000
        0.0000000000
        0.0000000000
        0.0000000000
        0.0000000000
        0.0000000000
        0.0000000000
        0.0000000000
        0.0000000000
        0.0000000000
        0.0000000000
        0.0000000000
        0.0000000000
        0.0000000000
        0.0000000000
        0.0000000000
        0.0000000000
        0.0000000000
        0.0000000000
        0.0000000000
        0.0000000000
        0.0000000000
        0.0000000000
        0.0000000000
        0.0000000000
        0.0000000000
        0.0000000000
        0.0000000000
        0.0000000000
        0.0000000000
        0.0000000000
        0.0000000000
        0.0000000000
        0.0000000000
        0.0000000000
        0.0000000000
        0.0000000000
        0.0000000000
        0.0000000000
        0.0000000000
        0.0000000000
        0.0000000000
        0.0000000000
        0.0000000000
        0.0000000000
        0.0000000000
        0.0000000000
        0.0000000000
        0.0000000000
        0.0000000000
        0.0000000000
        0.0000000000
        0.0000000000
        0.0000000000
        0.0000000000
        0.0000000000
        0.0000000000
        0.0000000000
        0.0000000000
        0.0000000000
        0.0000000000
        0.0000000000
        0.0000000000
        0.0000000000
        0.0000000000
        0.0000000000
        0.0000000000
        0.0000000000
        0.0000000000
        0.0000000000
        0.0000000000
        0.0000000000
        0.0000000000
        0.0000000000
        0.0000000000
        0.0000000000
        0.0000000000
        0.0000000000
        0.0000000000
        0.0000000000
        0.0000000000
        0.0000000000
        0.0000000000
        0.0000000000
        0.0000000000
        0.0000000000
        0.0000000000
        0.0000000000
        0.0000000000
        0.0000000000
        0.0000000000
        0.0000000000
        0.0000000000
        0.0000000000
        0.0000000000
        0.0000000000
        0.0000000000
        0.0000000000
        0.0000000000
        0.0000000000
        0.0000000000
        0.0000000000
        0.0000000000
        0.0000000000
        0.0000000000
        0.0000000000
        0.0000000000
        0.0000000000
        0.0000000000
        0.0000000000
        0.0000000000
        0.0000000000
        0.0000000000
        0.0000000000
        0.0000000000
        0.0000000000
        0.0000000000
        0.0000000000
        0.0000000000
        0.0000000000
        0.0000000000
        0.0000000000
        0.0000000000
        0.0000000000
        0.0000000000
        0.0000000000
        0.0000000000
        0.0000000000
        0.0000000000
        0.0000000000
        0.0000000000
        0.0000000000
        0.0000000000
        0.0000000000
        0.0000000000
        0.0000000000
        0.0000000000
        0.0000000000
        0.0000000000
        0.0000000000
        0.0000000000
        0.0000000000
        0.0000000000
        0.0000000000
        0.0000000000
        0.0000000000
        0.0000000000
        0.0000000000
        0.0000000000
        0.0000000000
        0.0000000000
        0.0000000000
        0.0000000000
        0.0000000000
        0.0000000000
        0.0000000000
        0.0000000000
        0.0000000000
        0.0000000000
        0.0000000000
        0.0000000000
        0.0000000000
        0.0000000000
        0.0000000000
        0.0000000000
        0.0000000000
        0.0000000000
        0.0000000000
        0.0000000000
        0.0000000000
        0.0000000000
        0.0000000000
        0.0000000000
        0.0000000000
        0.0000000000
        0.0000000000
        0.0000000000
        0.0000000000
        0.0000000000
        0.0000000000
        0.0000000000
        0.0000000000
        0.0000000000
        0.0000000000
        0.0000000000
        0.0000000000
        0.0000000000
        0.0000000000
        0.0000000000
        0.0000000000
        0.0000000000
        0.0000000000
        0.0000000000
        0.0000000000
        0.0000000000
        0.0000000000
        0.0000000000
        0.0000000000
        0.0000000000
        0.0000000000
        0.0000000000
        0.0000000000
        0.0000000000
        0.0000000000
        0.0000000000
        0.0000000000
        0.0000000000
        0.0000000000
        0.0000000000
        0.0000000000
        0.0000000000
        0.0000000000
        0.0000000000
        0.0000000000
        0.0000000000
        0.0000000000
        0.0000000000
        0.0000000000
        0.0000000000
        0.0000000000
        0.0000000000
        0.0000000000
        0.0000000000
        0.0000000000
        0.0000000000
        0.0000000000
        0.0000000000
        0.0000000000
        0.0000000000
        0.0000000000
        0.0000000000
        0.0000000000
        0.0000000000
        0.0000000000
        0.0000000000
        0.0000000000
        0.0000000000
        0.0000000000
        0.0000000000
        0.0000000000
        0.0000000000
        0.0000000000
        0.0000000000
        0.0000000000
        0.0000000000
        0.0000000000
        0.0000000000
        0.0000000000
        0.0000000000
        0.0000000000
        0.0000000000
        0.0000000000
        0.0000000000
        0.0000000000
        0.0000000000
        0.0000000000
        0.0000000000
        0.0000000000
        0.0000000000
        0.0000000000
        0.0000000000
        0.0000000000
        0.0000000000
        0.0000000000
        0.0000000000
        0.0000000000
        0.0000000000
        0.0000000000
        0.0000000000
        0.0000000000
        0.0000000000
        0.0000000000
        0.0000000000
        0.0000000000
        0.0000000000
        0.0000000000
        0.0000000000
        0.0000000000
        0.0000000000
        0.0000000000
        0.0000000000
        0.0000000000
        0.0000000000
        0.0000000000
        0.0000000000
        0.0000000000
        0.0000000000
        0.0000000000
        0.0000000000
        0.0000000000
        0.0000000000
        0.0000000000
        0.0000000000
        0.0000000000
        0.0000000000
        0.0000000000
        0.0000000000
        0.0000000000
        0.0000000000
        0.0000000000
        0.0000000000
        0.0000000000
        0.0000000000
        0.0000000000
        0.0000000000
        0.0000000000
        0.0000000000
        0.0000000000
        0.0000000000
        0.0000000000
        0.0000000000
        0.0000000000
        0.0000000000
        0.0000000000
        0.0000000000
        0.0000000000
        0.0000000000
        0.0000000000
        0.0000000000
        0.0000000000
        0.0000000000
        0.0000000000
        0.0000000000
        0.0000000000
        0.0000000000
        0.0000000000
        0.0000000000
        0.0000000000
        0.0000000000
        0.0000000000
        0.0000000000
        0.0000000000
        0.0000000000
        0.0000000000
        0.0000000000
        0.0000000000
        0.0000000000
        0.0000000000
        0.0000000000
        0.0000000000
        0.0000000000
        0.0000000000
        0.0000000000
        0.0000000000
        0.0000000000
        0.0000000000
        0.0000000000
        0.0000000000
        0.0000000000
        0.0000000000
        0.0000000000
        0.0000000000
        0.0000000000
        0.0000000000
        0.0000000000
        0.0000000000
        0.0000000000
        0.0000000000
        0.0000000000
        0.0000000000
